T (C)	Fraction solid (wt)-TOTAL	Fraction liquid (wt)-LIQUID	Density (g/(cm)^3)-TOTAL	Volume change (%)-  	Average expansion coeff. (10e-6 1/K)-  	Thermal conductivity (W/(m*K))-TOTAL	Electrical conductivity (10e6 1/(Ohm*m))-TOTAL	Young's modulus (GPa)-TOTAL	Poisson's ratio-TOTAL	Enthalpy (J/g)-TOTAL	Specific heat (J/(g K))-TOTAL	Latent heat (J/g)-TOTAL
400.0	0.0	1.0	8.73163	0.0	52.88956	25.24338	1.53063	0.0	0.5	113.368	 	0.0
395.0	0.0	1.0	8.73652	-0.0559942	53.06982	25.15964	1.53697	0.0	0.5	112.452	0.1832	0.0
390.0	0.0	1.0	8.7414	-0.11175	53.25727	25.07591	1.5434	0.0	0.5	111.535	0.1834	0.0
385.0	0.0	1.0	8.74626	-0.16728	53.45223	24.99218	1.54993	0.0	0.5	110.617	0.1836	0.0
380.0	0.0	1.0	8.75111	-0.22257	53.65501	24.90845	1.55657	0.0	0.5	109.7	0.1834	0.0
375.0	0.0	1.0	8.75594	-0.27763	53.86594	24.82471	1.5633	0.0	0.5	108.781	0.1838	0.0
370.0	0.0	1.0	8.76076	-0.33246	54.08538	24.74098	1.57014	0.0	0.5	107.863	0.1836	0.0
365.0	0.0	1.0	8.76556	-0.38705	54.3137	24.65725	1.57709	0.0	0.5	106.944	0.1838	0.0
360.0	0.0	1.0	8.77034	-0.44141	54.55131	24.57352	1.58414	0.0	0.5	106.024	0.184	0.0
355.0	0.0	1.0	8.77512	-0.49553	54.79861	24.48978	1.59131	0.0	0.5	105.104	0.184	0.0
350.0	0.0	1.0	8.77987	-0.54942	55.05607	24.40605	1.5986	0.0	0.5	104.183	0.1842	0.0
345.0	0.0	1.0	8.78461	-0.60307	55.32415	24.32232	1.606	0.0	0.5	103.262	0.1842	0.0
340.0	0.0	1.0	8.78933	-0.6565	55.60337	24.23859	1.61352	0.0	0.5	102.34	0.1844	0.0
335.0	0.0	1.0	8.79404	-0.70968	55.89426	24.15485	1.62117	0.0	0.5	101.418	0.1844	0.0
330.0	0.0	1.0	8.79873	-0.76264	56.19739	24.07112	1.62894	0.0	0.5	100.495	0.1846	0.0
325.0	0.0	1.0	8.80341	-0.81536	56.51338	23.98739	1.63684	0.0	0.5	99.572	0.1846	0.0
320.0	0.0	1.0	8.80807	-0.86784	56.84288	23.90366	1.64488	0.0	0.5	98.649	0.1846	0.0
315.0	0.0	1.0	8.81272	-0.9201	57.1866	23.81992	1.65305	0.0	0.5	97.728	0.1842	0.0
310.0	0.0	1.0	8.81735	-0.97211	57.54527	23.73619	1.66136	0.0	0.5	96.807	0.1842	0.0
305.0	0.0	1.0	8.82196	-1.0239	57.9197	23.65246	1.66982	0.0	0.5	95.887	0.184	0.0
300.0	0.0	1.0	8.82656	-1.07545	58.31075	23.56873	1.67842	0.0	0.5	94.969	0.1836	0.0
295.0	0.0	1.0	8.83114	-1.12677	58.71934	23.48499	1.68718	0.0	0.5	94.05	0.1838	0.0
290.0	0.0	1.0	8.8357	-1.17785	59.14646	23.40126	1.69609	0.0	0.5	93.133	0.1834	0.0
285.0	0.0	1.0	8.84025	-1.2287	59.5932	23.31753	1.70516	0.0	0.5	92.216	0.1834	0.0
280.0	0.0	1.0	8.84478	-1.27931	60.06068	23.2338	1.7144	0.0	0.5	91.3	0.1832	0.0
275.0	0.0	1.0	8.8493	-1.32969	60.55018	23.15006	1.7238	0.0	0.5	90.384	0.1832	0.0
270.0	0.0	1.0	8.8538	-1.37984	61.06302	23.06633	1.73338	0.0	0.5	89.469	0.183	0.0
265.0	0.0	1.0	8.85828	-1.42976	61.60067	22.9826	1.74313	0.0	0.5	88.553	0.1832	0.0
260.0	0.0	1.0	8.86275	-1.47944	62.16472	22.89886	1.75307	0.0	0.5	87.639	0.1828	0.0
255.0	0.0	1.0	8.8672	-1.52888	62.75688	22.81513	1.76319	0.0	0.5	86.724	0.183	0.0
250.0	0.0	1.0	8.87163	-1.57809	63.37903	22.7314	1.77351	0.0	0.5	85.809	0.183	0.0
245.0	0.0	1.0	8.87605	-1.62707	64.03322	22.64767	1.78403	0.0	0.5	84.895	0.1828	0.0
240.0	0.0	1.0	8.88045	-1.67582	64.72167	22.56393	1.79475	0.0	0.5	83.98	0.183	0.0
235.0	0.0	1.0	8.88484	-1.72433	65.44684	22.4802	1.80569	0.0	0.5	83.065	0.183	0.0
230.38	0.0	1.0	8.88887	-1.7689	66.1511	22.40291	1.81597	0.0	0.5	82.221	0.18288	0.0
230.0	0.00885	0.99115	8.89058	-1.78828	65.9414	22.49143	1.82454	5.78795E-8	0.49939	81.837	0.99782	0.214
225.0	0.11272	0.88728	8.91134	-2.01696	63.55169	23.55822	1.93026	0.0015876	0.4921	77.268	0.9138	2.735
220.0	0.19718	0.80282	8.92891	-2.20938	61.69625	24.47175	2.02544	0.0153028	0.4861	73.391	0.7754	4.815
215.0	0.2663	0.7337	8.94389	-2.37359	60.26761	25.25517	2.11169	0.0522562	0.48113	70.062	0.6658	6.541
210.0	0.32328	0.67672	8.95694	-2.51535	59.19021	25.92778	2.19037	0.11628	0.47699	67.169	0.5786	7.982
205.0	0.37065	0.62935	8.96834	-2.6398	58.39276	26.50706	2.26272	0.20551	0.47352	64.623	0.5092	9.196
200.0	0.41039	0.58961	8.97856	-2.75032	57.8307	27.00791	2.32984	0.31552	0.47058	62.354	0.4538	10.226
195.0	0.44405	0.55595	8.98775	-2.84995	57.46187	27.44336	2.39269	0.44128	0.46807	60.307	0.4094	11.108
190.0	0.47284	0.52716	8.99617	-2.94073	57.26004	27.8242	2.45208	0.57828	0.4659	58.439	0.3736	11.87
185.0	0.4977	0.5023	9.00393	-3.0245	57.20029	28.15985	2.50875	0.72288	0.46402	56.718	0.3442	12.533
183.0	0.50668	0.49332	9.00688	-3.05634	57.21299	28.28283	2.53075	0.78197	0.46334	56.063	 	12.775
183.0	1.0	0.0	9.13887	-4.45623	25.92206	39.85269	3.56603	23.70943	0.39909	39.164	 	34.458
175.0	1.0	0.0	9.1448	-4.51825	25.84404	40.00242	3.64332	24.19989	0.39909	37.718	1.9	 
170.0	1.0	0.0	9.1485	-4.55684	25.79553	40.09717	3.69315	24.50292	0.39909	36.817	0.1802	 
165.0	1.0	0.0	9.15219	-4.59527	25.74721	40.19284	3.74421	24.80322	0.39909	35.918	0.1798	 
160.0	1.0	0.0	9.15586	-4.63356	25.69908	40.28947	3.79653	25.10081	0.39909	35.022	0.1792	 
155.0	1.0	0.0	9.15952	-4.67171	25.65114	40.3871	3.85018	25.39569	0.39909	34.127	0.179	 
150.0	1.0	0.0	9.16318	-4.70972	25.6034	40.48576	3.90519	25.68785	0.39909	33.235	0.1784	 
145.0	1.0	0.0	9.16682	-4.74758	25.55585	40.58548	3.96162	25.97731	0.39909	32.345	0.178	 
140.0	1.0	0.0	9.17045	-4.7853	25.5085	40.68631	4.01952	26.26407	0.39909	31.457	0.1776	 
135.0	1.0	0.0	9.17407	-4.82289	25.46134	40.78829	4.07896	26.54812	0.39908	30.571	0.1772	 
130.0	1.0	0.0	9.17768	-4.86033	25.41437	40.89146	4.14	26.82947	0.39908	29.687	0.1768	 
125.0	1.0	0.0	9.18128	-4.89763	25.3676	40.99587	4.20269	27.10813	0.39908	28.806	0.1762	 
120.0	1.0	0.0	9.18487	-4.9348	25.32102	41.10155	4.26711	27.38409	0.39908	27.927	0.1758	 
115.0	1.0	0.0	9.18845	-4.97183	25.27464	41.20857	4.33333	27.65735	0.39908	27.049	0.1756	 
110.0	1.0	0.0	9.19202	-5.00873	25.22844	41.31698	4.40143	27.92793	0.39908	26.174	0.175	 
105.0	1.0	0.0	9.19558	-5.04549	25.18245	41.42683	4.47148	28.19581	0.39908	25.302	0.1744	 
100.0	1.0	0.0	9.19913	-5.08211	25.13664	41.53817	4.54358	28.46101	0.39908	24.431	0.1742	 
95.0	1.0	0.0	9.20267	-5.1186	25.09103	41.65108	4.6178	28.72351	0.39908	23.563	0.1736	 
90.0	1.0	0.0	9.20619	-5.15496	25.04561	41.76561	4.69425	28.98334	0.39908	22.696	0.1734	 
85.0	1.0	0.0	9.20971	-5.19119	25.00039	41.88183	4.77303	29.24048	0.39908	21.832	0.1728	 
80.0	1.0	0.0	9.21322	-5.22728	24.95536	41.99982	4.85425	29.49493	0.39907	20.971	0.1722	 
75.0	1.0	0.0	9.21672	-5.26325	24.91052	42.11965	4.93801	29.7467	0.39907	20.111	0.172	 
70.0	1.0	0.0	9.2202	-5.29909	24.86588	42.24139	5.02445	29.99579	0.39907	19.253	0.1716	 
65.0	1.0	0.0	9.22368	-5.33479	24.82143	42.36515	5.11368	30.2422	0.39907	18.398	0.171	 
60.0	1.0	0.0	9.22715	-5.37037	24.77717	42.491	5.20584	30.48593	0.39907	17.545	0.1706	 
55.0	1.0	0.0	9.23061	-5.40583	24.73311	42.61904	5.30109	30.72698	0.39907	16.693	0.1704	 
50.0	1.0	0.0	9.23406	-5.44115	24.68924	42.74938	5.39958	30.96536	0.39907	15.844	0.1698	 
45.0	1.0	0.0	9.2375	-5.47635	24.64556	42.88212	5.50146	31.20105	0.39907	14.998	0.1692	 
40.0	1.0	0.0	9.24092	-5.51143	24.60208	43.01737	5.60693	31.43407	0.39907	14.153	0.169	 
35.0	1.0	0.0	9.24434	-5.54639	24.55879	43.15526	5.71617	31.66441	0.39907	13.31	0.1686	 
30.0	1.0	0.0	9.24775	-5.58122	24.51569	43.29592	5.82939	31.89208	0.39907	12.469	0.1682	 
25.0	1.0	0.0	9.25116	-5.61592	 	43.43948	5.94681	32.11707	0.39907	11.631	 	 
