T (C)	Fraction solid (wt)-TOTAL	Fraction liquid (wt)-LIQUID	Density (g/(cm)^3)-TOTAL	Molar volume (cm^3)-TOTAL	Volume change (%)-  	Average expansion coeff. (10e-6 1/K)-  	Thermal conductivity (W/(m*K))-TOTAL	Electrical resistivity (10e-6 Ohm*m)-TOTAL	Electrical conductivity (10e6 1/(Ohm*m))-TOTAL	Young's modulus (GPa)-TOTAL	Bulk modulus (GPa)-TOTAL	Shear modulus(GPa)-TOTAL	Poisson's ratio-TOTAL	Liquid viscosity (mPa s)-  	Total viscosity (mPa s)-  	Liquid diffusivity (10e-9 (m^2)/s)-  	Total diffusivity (10e-9 (m^2)/s)-  	Surface Tension (mN/m)-  	Enthalpy (J/mole)-TOTAL	Specific heat (J/(mole K))-TOTAL	Latent heat (J/mole)-TOTAL
1500.0	0.0	1.0	7.14629	7.88778	0.0	28.08075	31.91434	1.81041	0.55236	0.0	111.5004	0.0	0.49897	6.78974	6.78974	1.27461	1.27461	1630.00729	64755.622	 	0.0
1495.0	0.0	1.0	7.15025	7.88341	-0.0553909	28.03505	31.83964	1.80954	0.55263	0.0	111.68829	0.0	0.49897	6.85122	6.85122	1.25962	1.25962	1630.69194	64537.778	43.5688	0.0
1490.0	0.0	1.0	7.1542	7.87905	-0.11063	27.98943	31.76492	1.80867	0.55289	0.0	111.87618	0.0	0.49897	6.91361	6.91361	1.24472	1.24472	1631.36349	64320.325	43.4906	0.0
1485.0	0.0	1.0	7.15815	7.87471	-0.16571	27.9439	31.69018	1.80779	0.55316	0.0	112.06407	0.0	0.49897	6.97692	6.97692	1.22993	1.22993	1632.02182	64103.26	43.413	0.0
1480.0	0.0	1.0	7.16209	7.87037	-0.22064	27.89845	31.61544	1.80691	0.55343	0.0	112.25196	0.0	0.49897	7.04119	7.04119	1.21523	1.21523	1632.66681	63886.583	43.3354	0.0
1475.0	0.0	1.0	7.16602	7.86605	-0.27541	27.85309	31.54067	1.80603	0.5537	0.0	112.43985	0.0	0.49897	7.10641	7.10641	1.20065	1.20065	1633.29832	63670.29	43.2586	0.0
1470.0	0.0	1.0	7.16995	7.86174	-0.33003	27.80781	31.4659	1.80515	0.55397	0.0	112.62774	0.0	0.49897	7.17262	7.17262	1.18616	1.18616	1633.91624	63454.38	43.182	0.0
1465.0	0.0	1.0	7.17387	7.85745	-0.3845	27.76262	31.39111	1.80426	0.55424	0.0	112.81563	0.0	0.49897	7.23984	7.23984	1.17178	1.17178	1634.52042	63238.849	43.1062	0.0
1460.0	0.0	1.0	7.17778	7.85316	-0.43881	27.71752	31.3163	1.80336	0.55452	0.0	113.00352	0.0	0.49897	7.30807	7.30807	1.1575	1.1575	1635.11073	63023.698	43.0302	0.0
1455.0	0.0	1.0	7.18169	7.84889	-0.49297	27.6725	31.24148	1.80247	0.55479	0.0	113.19141	0.0	0.49897	7.37735	7.37735	1.14332	1.14332	1635.68706	62808.922	42.9552	0.0
1450.0	0.0	1.0	7.18559	7.84463	-0.54698	27.62757	31.16664	1.80157	0.55507	0.0	113.3793	0.0	0.49897	7.4477	7.4477	1.12924	1.12924	1636.24926	62594.581	42.8682	0.0
1445.0	0.0	1.0	7.18948	7.84038	-0.60083	27.58274	31.0918	1.80067	0.55535	0.0	113.56719	0.0	0.49897	7.51913	7.51913	1.11527	1.11527	1636.79721	62380.775	42.7612	0.0
1440.0	0.0	1.0	7.19337	7.83615	-0.65452	27.53799	31.01693	1.79976	0.55563	0.0	113.75508	0.0	0.49897	7.59167	7.59167	1.1014	1.1014	1637.33077	62167.489	42.6572	0.0
1435.0	0.0	1.0	7.19725	7.83193	-0.70806	27.49334	30.94205	1.79885	0.55591	0.0	113.94297	0.0	0.49897	7.66534	7.66534	1.08763	1.08763	1637.84981	61954.72	42.5538	0.0
1430.0	0.0	1.0	7.20112	7.82771	-0.76145	27.44878	30.86716	1.79793	0.55619	0.0	114.13086	0.0	0.49897	7.74016	7.74016	1.07396	1.07396	1638.3542	61742.465	42.451	0.0
1425.0	0.0	1.0	7.20498	7.82352	-0.81469	27.40432	30.79225	1.79702	0.55648	0.0	114.31875	0.0	0.49897	7.81616	7.81616	1.0604	1.0604	1638.8438	61530.721	42.3488	0.0
1420.0	0.0	1.0	7.20884	7.81933	-0.86777	27.35994	30.71733	1.7961	0.55676	0.0	114.50664	0.0	0.49897	7.89337	7.89337	1.04694	1.04694	1639.31848	61319.484	42.2474	0.0
1415.0	0.0	1.0	7.21269	7.81515	-0.92069	27.31567	30.64239	1.79517	0.55705	0.0	114.69453	0.0	0.49897	7.97179	7.97179	1.03357	1.03357	1639.7781	61108.751	42.1466	0.0
1410.0	0.0	1.0	7.21654	7.81099	-0.97346	27.27149	30.56744	1.79424	0.55734	0.0	114.88242	0.0	0.49897	8.05148	8.05148	1.02031	1.02031	1640.22254	60898.519	42.0464	0.0
1405.0	0.0	1.0	7.22037	7.80684	-1.02608	27.22741	30.49248	1.79331	0.55763	0.0	115.07031	0.0	0.49897	8.13244	8.13244	1.00716	1.00716	1640.65166	60688.784	41.947	0.0
1400.0	0.0	1.0	7.2242	7.8027	-1.07855	27.18343	30.4175	1.79238	0.55792	0.0	115.2582	0.0	0.49897	8.2147	8.2147	0.9941	0.9941	1641.06531	60479.543	41.8482	0.0
1395.0	0.0	1.0	7.22803	7.79858	-1.13086	27.13956	30.3425	1.79144	0.55821	0.0	115.44609	0.0	0.49897	8.2983	8.2983	0.98114	0.98114	1641.46338	60270.792	41.7502	0.0
1390.0	0.0	1.0	7.23184	7.79446	-1.18301	27.09578	30.26749	1.79049	0.55851	0.0	115.63398	0.0	0.49897	8.38326	8.38326	0.96829	0.96829	1641.84572	60062.529	41.6526	0.0
1385.0	0.0	1.0	7.23565	7.79036	-1.23501	27.0521	30.19247	1.78955	0.5588	0.0	115.82187	0.0	0.49897	8.46961	8.46961	0.95554	0.95554	1642.2122	59854.751	41.5556	0.0
1381.41	0.0	1.0	7.23838	7.78743	-1.27224	27.02082	30.13861	1.78886	0.55901	0.0	115.95672	0.0	0.49897	8.53245	8.53245	0.94645	0.94645	1642.46537	59705.954	41.4653	0.0
1380.0	0.04147	0.95853	7.24488	7.78033	-1.36214	26.80033	30.23175	1.78183	0.56122	2.58367E-4	115.78536	8.65152E-5	0.49318	8.55733	9.1026	0.94289	0.88641	1640.57874	59160.792	386.221	486.657
1375.0	0.17472	0.82528	7.26603	7.75779	-1.64793	26.10624	30.53271	1.75893	0.56853	0.0825843	115.24716	0.0280047	0.47447	8.64627	31.07866	0.93037	0.25883	1634.01877	57395.139	353.131	2045.493
1370.0	0.2834	0.7166	7.28383	7.73887	-1.88785	25.53483	30.77416	1.73984	0.57477	0.57901	114.84845	0.19842	0.45906	8.73605	160.90587	0.91801	0.0498416	1627.66337	55922.468	294.534	3311.821
1365.0	0.37309	0.62691	7.29902	7.72276	-2.09201	25.05912	30.96822	1.72367	0.58016	1.75871	114.56063	0.60804	0.44622	8.82672	486.70643	0.90582	0.0164276	1621.49893	54676.444	249.205	4351.978
1360.0	0.44787	0.55213	7.31217	7.70878	-2.26925	24.65546	31.12355	1.70984	0.58485	3.68919	114.36115	1.28507	0.43541	8.91824	1056.80083	0.89379	0.00754257	1615.51614	53608.127	213.663	5214.895
1355.0	0.51081	0.48919	7.32365	7.69667	-2.42281	24.31546	31.24742	1.69785	0.58898	6.29878	114.23531	2.20818	0.42624	9.01109	1886.85209	0.88187	0.00421156	1609.6993	52680.845	185.456	5937.246
1350.0	0.56421	0.43579	7.33383	7.68594	-2.5588	24.0226	31.34472	1.68738	0.59264	9.45397	114.16924	3.33264	0.41839	9.10484	2973.82166	0.87011	0.00266398	1604.04236	51866.769	162.815	6546.858
1345.0	0.60988	0.39012	7.34292	7.67644	-2.67929	23.77151	31.42005	1.67815	0.5959	13.00681	114.15372	4.60703	0.41163	9.19995	4306.32514	0.85846	0.001834	1598.53309	51144.407	144.472	7065.216
1340.0	0.64919	0.35081	7.35115	7.66778	-2.78909	23.54899	31.47635	1.66997	0.59881	16.82023	114.17796	5.98267	0.40575	9.296	5870.24041	0.84696	0.00134124	1593.169	50497.072	129.467	7509.006
1335.0	0.68327	0.31673	7.35867	7.65989	-2.8891	23.35278	31.51676	1.66266	0.60145	20.78009	114.23689	7.41824	0.40061	9.39306	7653.7923	0.83562	0.0010255	1587.93975	49911.446	117.125	7891.544
1330.0	0.713	0.287	7.36559	7.65264	-2.98099	23.17838	31.54366	1.65607	0.60384	24.79859	114.32528	8.88148	0.39608	9.4911	9649.03987	0.82441	8.10918E-4	1582.83828	49377.061	106.877	8223.295
1325.0	0.73905	0.26095	7.37201	7.64595	-3.0658	23.02304	31.55893	1.65011	0.60602	28.8039	114.43847	10.34561	0.39208	9.59065	11849.87324	0.81331	6.5825E-4	1577.8571	48885.587	98.2948	8512.586
1320.0	0.76203	0.23797	7.37801	7.63968	-3.14529	22.88189	31.56418	1.64467	0.60802	32.74876	114.57242	11.79269	0.38852	9.69127	14255.64741	0.80235	5.45452E-4	1572.99298	48430.217	91.074	8766.222
1315.0	0.78237	0.21763	7.38365	7.6338	-3.21993	22.75373	31.56075	1.63969	0.60987	36.59431	114.72462	13.20774	0.38534	9.79298	16867.2014	0.79152	4.59553E-4	1568.23917	48005.571	84.9292	8989.58
1310.0	0.80046	0.19954	7.38899	7.62824	-3.29033	22.63696	31.54982	1.63509	0.61159	40.31935	114.8923	14.58232	0.38247	9.89632	19691.06602	0.78079	3.9241E-4	1563.58941	47607.159	79.6824	9187.148
1305.0	0.81661	0.18339	7.39407	7.62294	-3.3576	22.52845	31.53225	1.63084	0.61318	43.90651	115.07302	15.90943	0.37989	10.00078	22733.98649	0.7702	3.38812E-4	1559.04244	47231.279	75.176	9362.628
1300.0	0.8311	0.1689	7.39893	7.61787	-3.42183	22.428	31.50896	1.62687	0.61468	47.3504	115.26543	17.18649	0.37755	10.10648	26008.90335	0.75973	2.95213E-4	1554.59138	46874.855	71.2848	9519.088
1295.0	0.84413	0.15587	7.4036	7.61301	-3.48345	22.33448	31.48062	1.62316	0.61608	50.64549	115.46802	18.41097	0.37542	10.21337	29528.57832	0.74939	2.59198E-4	1550.23254	46535.32	67.907	9659.095
1290.0	0.85589	0.14411	7.4081	7.60834	-3.54264	22.2474	31.44786	1.61967	0.61741	53.79277	115.67942	19.58281	0.37347	10.32206	33310.24901	0.73913	2.29039E-4	1545.96084	46210.566	64.9508	9784.755
1285.0	0.86653	0.13347	7.41245	7.60384	-3.59971	22.16596	31.41117	1.61638	0.61867	56.79355	115.89855	20.70211	0.37168	10.43251	37371.82014	0.72897	2.03494E-4	1541.7728	45898.716	62.37	9897.942
1280.0	0.87621	0.12379	7.41669	7.59945	-3.65536	22.08809	31.37094	1.61326	0.61986	59.65676	116.12429	21.77189	0.37004	10.54388	41737.97452	0.71895	1.81622E-4	1537.6684	45598.226	60.098	10000.197
1278.95	0.87812	0.12188	7.41756	7.59855	-3.66678	22.07249	31.36204	1.61262	0.62011	60.2382	116.17288	21.98933	0.36971	10.56776	42695.39271	0.71684	1.77429E-4	1536.81141	45536.45	 	10020.295
1275.0	0.88618	0.11382	7.42148	7.59449	-3.71829	21.98777	31.33047	1.61014	0.62106	62.74678	116.35267	22.92789	0.36835	10.67211	46675.69962	0.70803	1.61886E-4	1533.61346	45290.797	61.4858	10109.819
1270.0	0.89554	0.10446	7.42626	7.58954	-3.78102	21.88727	31.28739	1.60715	0.62222	65.78415	116.5851	24.06597	0.36675	10.80572	52052.63188	0.69701	1.44695E-4	1529.64281	44990.115	60.1364	10213.117
1265.0	0.904	0.0960017	7.43083	7.58481	-3.84099	21.79426	31.24109	1.60432	0.62332	68.65275	116.82271	25.14248	0.36527	10.94161	57817.55048	0.68613	1.29845E-4	1525.75517	44700.392	57.9446	10305.878
1260.0	0.91167	0.0883331	7.43522	7.58028	-3.89846	21.70813	31.19196	1.60162	0.62437	71.36378	117.06511	26.1613	0.36392	11.07977	64006.19322	0.67537	1.16909E-4	1521.94479	44420.279	56.0226	10389.449
1255.61	0.91782	0.0821834	7.43896	7.57641	-3.94744	21.63645	31.14666	1.59935	0.62525	73.62161	117.28135	27.0109	0.36281	11.20243	69819.23965	0.66606	1.06869E-4	1518.66166	44181.32	 	10456.07
1255.0	0.91892	0.0810815	7.43957	7.5758	-3.95525	21.62334	31.13963	1.59908	0.62536	74.02496	117.31581	27.1627	0.36262	11.21127	70737.11792	0.66527	1.0544E-4	1517.85394	44144.591	55.1376	10469.009
1250.0	0.92755	0.0724455	7.44446	7.5708	-4.01855	21.51795	31.08058	1.59688	0.62622	77.26231	117.59943	28.38222	0.3611	11.28549	78629.0622	0.65873	9.45467E-5	1511.38884	43847.793	59.3596	10570.097
1245.44	0.93454	0.0654603	7.44872	7.56647	-4.07347	21.42972	31.02485	1.59495	0.62698	79.99466	117.85896	29.41296	0.35985	11.35492	86280.40039	0.65274	8.59043E-5	1505.72826	43588.314	 	10651.425
1245.44	0.93454	0.0654603	7.44872	7.56647	-4.07347	21.42972	31.02485	1.59495	0.62698	79.99466	117.85896	29.41296	0.35985	11.35492	86280.40039	0.65274	8.59043E-5	1505.72826	43588.314	 	10651.425
1245.0	0.93517	0.0648264	7.44912	7.56606	-4.0787	21.42138	31.01931	1.59478	0.62705	80.24834	117.88415	29.50872	0.35974	11.36145	87042.26924	0.65218	8.51278E-5	1505.18989	43563.704	56.8178	10658.889
1240.0	0.94206	0.0579382	7.45362	7.56149	-4.13656	21.33107	30.95566	1.59279	0.62783	83.05957	118.17086	30.57068	0.35848	11.44078	96083.62742	0.64552	7.68633E-5	1499.21345	43288.024	55.136	10739.69
1235.0	0.94815	0.0518486	7.45793	7.55713	-4.19187	21.24792	30.89051	1.59088	0.62858	85.64827	118.45812	31.54982	0.35735	11.52201	105743.9166	0.63886	6.96107E-5	1493.47951	43022.664	53.072	10810.589
1230.0	0.95356	0.0464379	7.46208	7.55293	-4.24509	21.17056	30.82409	1.58902	0.62932	88.03963	118.74561	32.45538	0.35632	11.60458	116087.5822	0.63221	6.3198E-5	1487.9729	42766.162	51.3004	10873.047
1225.0	0.95839	0.041612	7.46609	7.54888	-4.29644	21.09841	30.75662	1.58721	0.63004	90.25517	119.03336	33.29528	0.35537	11.6891	127184.9974	0.62555	5.74918E-5	1482.67685	42517.347	49.763	10928.234
1220.0	0.9627	0.0373015	7.46998	7.54497	-4.34604	21.03115	30.68826	1.58544	0.63074	92.30807	119.32138	34.07431	0.35451	11.77588	139103.9864	0.61887	5.23903E-5	1477.57588	42275.359	48.3976	10977.005
1215.0	0.96657	0.0334344	7.47378	7.54117	-4.39424	20.96771	30.61916	1.58369	0.63144	94.21901	119.60937	34.80018	0.35371	11.864	151930.052	0.61221	4.78068E-5	1472.66092	42039.34	47.2038	11020.219
1210.0	0.97004	0.0299584	7.47747	7.53747	-4.44118	20.90773	30.54942	1.58198	0.63212	96.00055	119.89724	35.47751	0.35298	11.95464	165748.5673	0.60553	4.36739E-5	1467.92064	41808.669	46.1342	11058.492
1207.02	0.97162	0.0283822	7.47951	7.53544	-4.46684	20.879	30.50752	1.58097	0.63252	96.86752	120.07019	35.80743	0.35262	12.00932	174249.1187	0.60156	4.146E-5	1465.17337	41676.917	 	11075.959
1206.6	0.97196	0.0280391	7.47983	7.53512	-4.47094	20.87348	30.50188	1.58081	0.63259	97.0422	120.09456	35.87396	0.35254	12.01727	175577.2412	0.60099	4.11346E-5	1464.6561	41655.203	 	11081.45
1205.0	0.9738	0.0262013	7.48122	7.5337	-4.48894	20.84465	30.4796	1.58025	0.63281	97.95094	120.19614	36.21998	0.35217	12.06249	181124.6639	0.59809	3.98316E-5	1462.48679	41559.615	49.8108	11115.555
1200.0	0.97839	0.0216088	7.48523	7.5296	-4.54087	20.76773	30.40919	1.57856	0.63349	100.3301	120.50953	37.12671	0.35118	12.20435	198711.011	0.58914	3.61836E-5	1456.27493	41277.579	56.4072	11206.003
1195.11	0.9832	0.0168044	7.48951	7.52521	-4.59652	20.67635	30.33942	1.57693	0.63414	102.83122	120.80368	38.08049	0.35018	12.34364	217918.7473	0.58056	3.28847E-5	1450.84678	41004.927	 	11291.518
1195.0	0.98327	0.0167318	7.48959	7.52513	-4.59758	20.67485	30.33785	1.5769	0.63416	102.87234	120.81043	38.09618	0.35017	12.34686	218328.2419	0.58036	3.28207E-5	1450.72501	40999.901	55.5356	11292.496
1190.0	0.98635	0.0136471	7.4933	7.52132	-4.6459	20.60814	30.26427	1.57535	0.63478	104.67167	121.12303	38.78327	0.34944	12.50495	238287.7945	0.57108	2.99691E-5	1445.36753	40768.102	46.3598	11333.509
1185.0	0.98883	0.0111741	7.49685	7.51767	-4.6922	20.54739	30.19044	1.5738	0.6354	106.21114	121.43015	39.37171	0.34883	12.66136	259556.2456	0.56209	2.74194E-5	1440.61983	40546.267	44.367	11364.956
1180.0	0.99085	0.00915324	7.5003	7.51413	-4.73699	20.49102	30.11625	1.57227	0.63602	107.55613	121.73314	39.88628	0.34828	12.81696	282350.5175	0.55337	2.51194E-5	1436.37413	40331.814	42.8906	11389.417
1175.0	0.99253	0.00747263	7.50366	7.51069	-4.7806	20.43797	30.042	1.57073	0.63665	108.75303	122.03272	40.3446	0.3478	12.97149	306883.266	0.54489	2.30318E-5	1432.54957	40122.982	41.7664	11408.651
1170.0	0.99394	0.00605562	7.50696	7.50733	-4.82329	20.38751	29.96768	1.56919	0.63727	109.83368	122.3295	40.75874	0.34736	13.12648	333367.3781	0.5366	2.11288E-5	1429.08145	39918.532	40.89	11423.894
1165.0	0.99515	0.00484619	7.5102	7.50402	-4.86524	20.33905	29.89334	1.56764	0.6379	110.82287	122.62391	41.13813	0.34696	13.28164	362028.5313	0.52849	1.93887E-5	1425.92044	39717.573	40.1918	11436.036
1160.0	0.9962	0.00380288	7.51341	7.50076	-4.90657	20.29216	29.8189	1.56609	0.63853	111.73842	122.91641	41.48953	0.34659	13.43769	393103.9842	0.52054	1.77939E-5	1423.02492	39519.448	39.625	11445.732
1155.0	0.99711	0.00289456	7.51658	7.49754	-4.9474	20.24654	29.74446	1.56454	0.63917	112.59365	123.20702	41.81801	0.34623	13.59434	426848.8372	0.51275	1.633E-5	1420.36507	39323.664	39.1568	11453.473
1150.0	0.9979	0.00209633	7.51972	7.49435	-4.98779	20.202	29.67002	1.56297	0.63981	113.3989	123.49588	42.12752	0.3459	13.75166	463539.9477	0.50511	1.49848E-5	1417.91395	39129.844	38.764	11459.634
1148.84	0.99807	0.00192586	7.52044	7.49362	-4.9971	20.19183	29.6527	1.56261	0.63996	113.57921	123.56285	42.19685	0.34583	13.78827	472520.574	0.50335	1.4688E-5	1417.36871	39085.051	 	11460.857
1140.0	0.99939	6.14002E-4	7.52608	7.48799	-5.06844	20.1121	29.52276	1.55973	0.64114	114.95726	124.0646	42.72698	0.34525	14.08002	547304.487	0.48986	1.26022E-5	1413.48365	38743.037	38.6807	11472.268
1135.0	1.0	0.0	7.52923	7.48485	-5.1082	20.06845	29.44902	1.5581	0.64181	115.67875	124.34701	43.00479	0.34495	 	594908.7252	 	1.15527E-5	 	38552.021	38.2032	11476.767
1130.0	1.0	0.0	7.53182	7.48228	-5.14082	20.04864	29.37669	1.55639	0.64251	116.07807	124.62371	43.15934	0.34476	 	645446.805	 	1.06104E-5	 	38309.4	48.5242	 
1125.0	1.0	0.0	7.5344	7.47971	-5.17338	20.02884	29.30435	1.55467	0.64322	116.47698	124.89929	43.31377	0.34457	 	700686.6391	 	9.73905E-6	 	38128.575	36.165	 
1120.0	1.0	0.0	7.53699	7.47715	-5.20588	20.00906	29.232	1.55295	0.64394	116.87547	125.17375	43.46809	0.34438	 	761102.6046	 	8.93391E-6	 	37948.034	36.1082	 
1115.0	1.0	0.0	7.53957	7.47459	-5.23833	19.9893	29.15963	1.55122	0.64466	117.27355	125.4471	43.6223	0.34419	 	827220.5928	 	8.19034E-6	 	37767.781	36.0506	 
1110.0	1.0	0.0	7.54215	7.47203	-5.27072	19.96955	29.08725	1.54947	0.64538	117.67121	125.71934	43.7764	0.344	 	899623.9929	 	7.50404E-6	 	37587.814	35.9934	 
1105.0	1.0	0.0	7.54472	7.46948	-5.30304	19.94983	29.01485	1.54773	0.64611	118.06845	125.99047	43.93039	0.34381	 	978960.4171	 	6.87097E-6	 	37408.133	35.9362	 
1100.0	1.0	0.0	7.54729	7.46694	-5.33531	19.93012	28.94243	1.54597	0.64684	118.46528	126.26051	44.08427	0.34362	 	1065949.262	 	6.28736E-6	 	37228.738	35.879	 
1095.0	1.0	0.0	7.54986	7.4644	-5.36752	19.91044	28.87	1.5442	0.64758	118.8617	126.52944	44.23803	0.34343	 	1161390.217	 	5.74966E-6	 	37049.629	35.8218	 
1090.0	1.0	0.0	7.55243	7.46186	-5.39968	19.89077	28.79756	1.54243	0.64833	119.25769	126.79729	44.39168	0.34324	 	1266172.848	 	5.25457E-6	 	36870.806	35.7646	 
1085.0	1.0	0.0	7.55499	7.45933	-5.43178	19.87112	28.7251	1.54065	0.64908	119.65328	127.06404	44.54523	0.34305	 	1381287.398	 	4.799E-6	 	36692.269	35.7074	 
1080.0	1.0	0.0	7.55755	7.4568	-5.46381	19.85149	28.65263	1.53886	0.64983	120.04844	127.32971	44.69866	0.34286	 	1507836.96	 	4.38004E-6	 	36514.016	35.6506	 
1075.0	1.0	0.0	7.56011	7.45428	-5.4958	19.83188	28.58014	1.53706	0.65059	120.44319	127.59429	44.85198	0.34267	 	1647051.236	 	3.99501E-6	 	36336.048	35.5936	 
1070.0	1.0	0.0	7.56266	7.45176	-5.52772	19.81229	28.50764	1.53526	0.65136	120.83752	127.8578	45.00518	0.34248	 	1800302.054	 	3.64138E-6	 	36158.361	35.5374	 
1065.0	1.0	0.0	7.56522	7.44925	-5.55958	19.79271	28.43512	1.53344	0.65213	121.23144	128.12023	45.15828	0.34229	 	1969120.931	 	3.3168E-6	 	35980.957	35.4808	 
1060.0	1.0	0.0	7.56776	7.44674	-5.59139	19.77316	28.36259	1.53162	0.6529	121.62493	128.38159	45.31126	0.3421	 	2155218.93	 	3.01908E-6	 	35803.835	35.4244	 
1055.0	1.0	0.0	7.57031	7.44424	-5.62314	19.75362	28.29004	1.52979	0.65369	122.01801	128.64189	45.46413	0.34192	 	2360509.148	 	2.74617E-6	 	35626.993	35.3684	 
1050.0	1.0	0.0	7.57285	7.44174	-5.65484	19.7341	28.21748	1.52795	0.65447	122.41067	128.90112	45.61689	0.34173	 	2587132.197	 	2.49619E-6	 	35450.432	35.3122	 
1045.0	1.0	0.0	7.57539	7.43924	-5.68648	19.7146	28.1449	1.5261	0.65527	122.80292	129.15929	45.76954	0.34154	 	2837485.103	 	2.26735E-6	 	35274.152	35.256	 
1040.0	1.0	0.0	7.57793	7.43675	-5.71805	19.69512	28.07231	1.52424	0.65606	123.19475	129.4164	45.92207	0.34135	 	3114254.108	 	2.05801E-6	 	35098.15	35.2004	 
1035.0	1.0	0.0	7.58047	7.43426	-5.74958	19.67566	27.9997	1.52238	0.65687	123.58615	129.67246	46.07449	0.34116	 	3420451.931	 	1.86664E-6	 	34922.428	35.1444	 
1030.0	1.0	0.0	7.583	7.43178	-5.78104	19.65622	27.92708	1.5205	0.65768	123.97714	129.92747	46.2268	0.34097	 	3759460.126	 	1.69183E-6	 	34746.985	35.0886	 
1025.0	1.0	0.0	7.58553	7.4293	-5.81245	19.63679	27.85444	1.51862	0.65849	124.36771	130.18144	46.37899	0.34078	 	4135077.294	 	1.53224E-6	 	34571.819	35.0332	 
1020.0	1.0	0.0	7.58805	7.42683	-5.8438	19.61739	27.78179	1.51672	0.65932	124.75787	130.43436	46.53107	0.34059	 	4551573.978	 	1.38667E-6	 	34396.931	34.9776	 
1015.0	1.0	0.0	7.59057	7.42436	-5.8751	19.598	27.70912	1.51482	0.66014	125.1476	130.68625	46.68304	0.3404	 	5013755.239	 	1.25398E-6	 	34222.32	34.9222	 
1010.0	1.0	0.0	7.59309	7.4219	-5.90634	19.57863	27.63643	1.51291	0.66098	125.53692	130.93709	46.83489	0.34021	 	5527032.052	 	1.13311E-6	 	34047.985	34.867	 
1005.0	1.0	0.0	7.59561	7.41944	-5.93752	19.55928	27.56374	1.51099	0.66182	125.92581	131.18691	46.98664	0.34002	 	6097502.825	 	1.0231E-6	 	33873.926	34.8118	 
1000.0	1.0	0.0	7.59813	7.41698	-5.96865	19.53995	27.49102	1.50906	0.66266	126.31429	131.4357	47.13826	0.33983	 	6732046.576	 	9.23037E-7	 	33700.143	34.7566	 
995.0	1.0	0.0	7.60064	7.41453	-5.99972	19.52064	27.41829	1.50712	0.66352	126.70234	131.68347	47.28978	0.33964	 	7438429.509	 	8.32101E-7	 	33526.635	34.7016	 
990.0	1.0	0.0	7.60315	7.41209	-6.03073	19.50135	27.34555	1.50517	0.66438	127.08998	131.93021	47.44118	0.33945	 	8225427.06	 	7.4952E-7	 	33353.401	34.6468	 
985.0	1.0	0.0	7.60565	7.40964	-6.06168	19.48207	27.27279	1.50321	0.66524	127.4772	132.17594	47.59246	0.33926	 	9102963.756	 	6.74584E-7	 	33180.442	34.5918	 
980.0	1.0	0.0	7.60815	7.40721	-6.09258	19.46282	27.20001	1.50125	0.66611	127.86399	132.42065	47.74364	0.33907	 	1.008227366E7	 	6.0664E-7	 	33007.755	34.5374	 
975.0	1.0	0.0	7.61065	7.40477	-6.12343	19.44358	27.12722	1.49927	0.66699	128.25037	132.66435	47.8947	0.33888	 	1.117608459E7	 	5.45084E-7	 	32835.342	34.4826	 
970.0	1.0	0.0	7.61315	7.40235	-6.15422	19.42436	27.05441	1.49728	0.66788	128.63632	132.90704	48.04564	0.33869	 	1.239882987E7	 	4.89361E-7	 	32663.201	34.4282	 
965.0	1.0	0.0	7.61564	7.39992	-6.18495	19.40516	26.98159	1.49528	0.66877	129.02186	133.14873	48.19647	0.3385	 	1.376689189E7	 	4.38959E-7	 	32491.333	34.3736	 
960.0	1.0	0.0	7.61814	7.3975	-6.21563	19.38598	26.90875	1.49328	0.66967	129.40697	133.38942	48.34718	0.33831	 	1.529888265E7	 	3.93408E-7	 	32319.735	34.3196	 
955.0	1.0	0.0	7.62062	7.39509	-6.24625	19.36682	26.8359	1.49126	0.67057	129.79166	133.62911	48.49778	0.33812	 	1.701596711E7	 	3.52275E-7	 	32148.409	34.2652	 
950.0	1.0	0.0	7.62311	7.39268	-6.27681	19.34767	26.76303	1.48923	0.67149	130.17594	133.8678	48.64827	0.33793	 	1.894223629E7	 	3.15163E-7	 	31977.353	34.2112	 
945.0	1.0	0.0	7.62559	7.39027	-6.30732	19.32855	26.69015	1.48719	0.67241	130.55979	134.10551	48.79864	0.33774	 	2.110513823E7	 	2.81708E-7	 	31806.567	34.1572	 
940.0	1.0	0.0	7.62807	7.38787	-6.33777	19.30944	26.61725	1.48515	0.67333	130.94321	134.34222	48.9489	0.33755	 	2.353597631E7	 	2.51576E-7	 	31636.051	34.1032	 
935.0	1.0	0.0	7.63055	7.38547	-6.36817	19.29036	26.54433	1.48309	0.67427	131.32622	134.57796	49.09904	0.33736	 	2.627048603E7	 	2.2446E-7	 	31465.804	34.0494	 
930.0	1.0	0.0	7.63302	7.38308	-6.39851	19.27129	26.4714	1.48102	0.67521	131.7088	134.81271	49.24906	0.33717	 	2.934950323E7	 	2.00081E-7	 	31295.825	33.9958	 
925.0	1.0	0.0	7.63549	7.38069	-6.4288	19.25224	26.39845	1.47894	0.67616	132.09097	135.04648	49.39897	0.33698	 	3.281973927E7	 	1.78182E-7	 	31126.114	33.9422	 
920.0	1.0	0.0	7.63796	7.3783	-6.45903	19.23321	26.32549	1.47685	0.67712	132.4727	135.27928	49.54877	0.33679	 	3.673468105E7	 	1.58528E-7	 	30956.671	33.8886	 
915.0	1.0	0.0	7.64042	7.37592	-6.48921	19.21419	26.25251	1.47475	0.67808	132.85402	135.5111	49.69845	0.3366	 	4.115563727E7	 	1.40906E-7	 	30787.494	33.8354	 
910.0	1.0	0.0	7.64289	7.37355	-6.51933	19.1952	26.17952	1.47264	0.67905	133.23491	135.74196	49.84801	0.33641	 	4.61529559E7	 	1.2512E-7	 	30618.585	33.7818	 
905.0	1.0	0.0	7.64534	7.37117	-6.5494	19.17622	26.10651	1.47052	0.68003	133.61539	135.97185	49.99746	0.33622	 	5.180744261E7	 	1.10993E-7	 	30449.941	33.7288	 
900.0	1.0	0.0	7.6478	7.36881	-6.57941	19.15727	26.03348	1.46838	0.68102	133.99543	136.20078	50.14679	0.33603	 	5.821201509E7	 	9.83621E-8	 	30281.563	33.6756	 
895.0	1.0	0.0	7.65025	7.36644	-6.60936	19.13833	25.96044	1.46624	0.68202	134.37506	136.42876	50.29601	0.33584	 	6.547363467E7	 	8.70801E-8	 	30113.45	33.6226	 
890.0	1.0	0.0	7.6527	7.36409	-6.63927	19.11941	25.88738	1.46408	0.68302	134.75426	136.65577	50.44511	0.33565	 	7.371556448E7	 	7.70129E-8	 	29945.602	33.5696	 
885.0	1.0	0.0	7.65515	7.36173	-6.66911	19.10051	25.8143	1.46191	0.68403	135.13303	136.88183	50.59409	0.33546	 	8.308001232E7	 	6.80385E-8	 	29778.018	33.5168	 
880.0	1.0	0.0	7.6576	7.35938	-6.6989	19.08163	25.74121	1.45974	0.68506	135.51139	137.10695	50.74296	0.33527	 	9.373122749E7	 	6.00466E-8	 	29610.698	33.464	 
875.0	1.0	0.0	7.66004	7.35704	-6.72864	19.06277	25.66811	1.45755	0.68608	135.88931	137.33111	50.89171	0.33508	 	1.058591339E8	 	5.29367E-8	 	29443.641	33.4114	 
870.0	1.0	0.0	7.66248	7.3547	-6.75832	19.04392	25.59498	1.45535	0.68712	136.26682	137.55434	51.04034	0.33489	 	1.196835976E8	 	4.66182E-8	 	29276.846	33.359	 
865.0	1.0	0.0	7.66491	7.35236	-6.78795	19.0251	25.52185	1.45313	0.68817	136.6439	137.77662	51.18886	0.3347	 	1.354594454E8	 	4.10088E-8	 	29110.314	33.3064	 
860.0	1.0	0.0	7.66734	7.35003	-6.81753	19.00629	25.44869	1.45091	0.68922	137.02055	137.99797	51.33726	0.33451	 	1.534823747E8	 	3.60343E-8	 	28944.044	33.254	 
855.0	1.0	0.0	7.66977	7.3477	-6.84705	18.9875	25.37552	1.44867	0.69029	137.39678	138.21838	51.48554	0.33432	 	1.74095921E8	 	3.16275E-8	 	28778.034	33.202	 
850.0	1.0	0.0	7.6722	7.34537	-6.87651	18.96873	25.30233	1.44642	0.69136	137.77259	138.43786	51.6337	0.33413	 	1.976996829E8	 	2.7728E-8	 	28612.286	33.1496	 
845.0	1.0	0.0	7.67462	7.34305	-6.90592	18.94998	25.22913	1.44416	0.69244	138.14797	138.65641	51.78175	0.33394	 	2.247590447E8	 	2.42812E-8	 	28446.798	33.0976	 
840.0	1.0	0.0	7.67705	7.34074	-6.93528	18.93125	25.15591	1.44189	0.69354	138.52292	138.87403	51.92968	0.33375	 	2.558166838E8	 	2.12379E-8	 	28281.57	33.0456	 
835.0	1.0	0.0	7.67946	7.33843	-6.96458	18.91254	25.08267	1.4396	0.69464	138.89745	139.09074	52.0775	0.33356	 	2.915062086E8	 	1.8554E-8	 	28116.602	32.9936	 
830.0	1.0	0.0	7.68188	7.33612	-6.99383	18.89384	25.00941	1.4373	0.69575	139.27155	139.30652	52.22519	0.33338	 	3.325683438E8	 	1.61898E-8	 	27951.892	32.942	 
825.0	1.0	0.0	7.68429	7.33382	-7.02303	18.87517	24.93614	1.43499	0.69687	139.64522	139.52139	52.37277	0.33319	 	3.798701636E8	 	1.41096E-8	 	27787.441	32.8902	 
820.0	1.0	0.0	7.6867	7.33152	-7.05217	18.85651	24.86286	1.43267	0.698	140.01847	139.73534	52.52023	0.333	 	4.344279799E8	 	1.22814E-8	 	27623.248	32.8386	 
815.0	1.0	0.0	7.68911	7.32922	-7.08126	18.83787	24.78955	1.43034	0.69914	140.3913	139.94839	52.66757	0.33281	 	4.974346178E8	 	1.06768E-8	 	27459.313	32.787	 
810.0	1.0	0.0	7.69151	7.32693	-7.11029	18.81925	24.71623	1.42799	0.70029	140.76369	140.16052	52.8148	0.33262	 	5.702919638E8	 	9.26996E-9	 	27295.635	32.7356	 
805.0	1.0	0.0	7.69391	7.32465	-7.13927	18.80065	24.6429	1.42562	0.70145	141.13566	140.37176	52.9619	0.33243	 	6.546498645E8	 	8.03816E-9	 	27132.213	32.6844	 
800.0	1.0	0.0	7.69631	7.32237	-7.1682	18.78207	24.56954	1.42325	0.70262	141.5072	140.58208	53.10889	0.33224	 	7.524526792E8	 	6.96094E-9	 	26969.048	32.633	 
795.0	1.0	0.0	7.6987	7.32009	-7.19707	18.76351	24.49617	1.42086	0.7038	141.87832	140.79151	53.25576	0.33205	 	8.659950776E8	 	6.0201E-9	 	26806.139	32.5818	 
790.0	1.0	0.0	7.70109	7.31781	-7.22589	18.74496	24.42278	1.41846	0.70499	142.24901	141.00005	53.40251	0.33186	 	9.979890162E8	 	5.19943E-9	 	26643.485	32.5308	 
785.0	1.0	0.0	7.70348	7.31555	-7.25466	18.72644	24.34938	1.41604	0.70619	142.61927	141.20769	53.54914	0.33167	 	1.151644255E9	 	4.48452E-9	 	26481.086	32.4798	 
780.0	1.0	0.0	7.70587	7.31328	-7.28337	18.70793	24.27596	1.41362	0.70741	142.9891	141.41444	53.69565	0.33148	 	1.330765299E9	 	3.86256E-9	 	26318.941	32.429	 
775.0	1.0	0.0	7.70825	7.31102	-7.31203	18.68944	24.20252	1.41117	0.70863	143.3585	141.6203	53.84204	0.33129	 	1.539868306E9	 	3.32221E-9	 	26157.05	32.3782	 
770.0	1.0	0.0	7.71063	7.30876	-7.34064	18.67097	24.12906	1.40872	0.70987	143.72748	141.82528	53.98832	0.3311	 	1.784322269E9	 	2.85338E-9	 	25995.413	32.3274	 
765.0	1.0	0.0	7.71301	7.30651	-7.36919	18.65252	24.05559	1.40625	0.71111	144.09602	142.02937	54.13447	0.33091	 	2.070519825E9	 	2.44719E-9	 	25834.029	32.2768	 
760.0	1.0	0.0	7.71538	7.30426	-7.3977	18.63409	23.9821	1.40376	0.71237	144.46414	142.23259	54.28051	0.33072	 	2.406084205E9	 	2.09575E-9	 	25672.898	32.2262	 
755.0	1.0	0.0	7.71775	7.30202	-7.42614	18.61568	23.90859	1.40126	0.71364	144.83183	142.43493	54.42642	0.33053	 	2.800120399E9	 	1.79212E-9	 	25512.019	32.1758	 
750.0	1.0	0.0	7.72012	7.29978	-7.45454	18.59728	23.83507	1.39875	0.71492	145.19909	142.63639	54.57222	0.33034	 	3.263520496E9	 	1.53017E-9	 	25351.392	32.1254	 
745.0	1.0	0.0	7.72249	7.29754	-7.48288	18.57891	23.76153	1.39622	0.71622	145.56592	142.83699	54.7179	0.33015	 	3.809335498E9	 	1.30452E-9	 	25191.017	32.075	 
740.0	1.0	0.0	7.72485	7.29531	-7.51117	18.56055	23.68797	1.39368	0.71752	145.93233	143.03671	54.86345	0.32996	 	4.453228855E9	 	1.11042E-9	 	25030.892	32.025	 
735.0	1.0	0.0	7.72721	7.29308	-7.53941	18.54221	23.61439	1.39113	0.71884	146.2983	143.23557	55.00889	0.32977	 	5.214030652E9	 	9.43709E-10	 	24871.018	31.9748	 
730.0	1.0	0.0	7.72956	7.29086	-7.5676	18.52389	23.54079	1.38855	0.72017	146.66384	143.43357	55.15421	0.32958	 	6.114415961E9	 	8.00751E-10	 	24711.394	31.9248	 
725.0	1.0	0.0	7.73192	7.28864	-7.59573	18.50559	23.46718	1.38597	0.72152	147.02895	143.63071	55.2994	0.32939	 	7.181736665E9	 	6.78349E-10	 	24552.02	31.8748	 
720.0	1.0	0.0	7.73427	7.28643	-7.62381	18.48731	23.39355	1.38336	0.72288	147.39363	143.82699	55.44448	0.3292	 	8.449043334E9	 	5.73712E-10	 	24392.896	31.8248	 
715.0	1.0	0.0	7.73661	7.28422	-7.65184	18.46904	23.3199	1.38075	0.72425	147.75789	144.02241	55.58943	0.32901	 	9.95634284E9	 	4.84406E-10	 	24234.02	31.7752	 
710.0	1.0	0.0	7.73896	7.28201	-7.67982	18.4508	23.24624	1.37811	0.72563	148.12171	144.21698	55.73427	0.32882	 	1.1752099999999998E10	 	4.08309E-10	 	24075.393	31.7254	 
705.0	1.0	0.0	7.7413	7.27981	-7.70774	18.43257	23.17255	1.37546	0.72703	148.4851	144.41071	55.87898	0.32863	 	1.3895399999999998E10	 	3.43575E-10	 	23917.014	31.6758	 
700.0	1.0	0.0	7.74364	7.27761	-7.73561	18.41437	23.09885	1.3728	0.72844	148.84806	144.60358	56.02358	0.32844	 	1.6457799999999998E10	 	2.88599E-10	 	23758.882	31.6264	 
695.0	1.0	0.0	7.74597	7.27541	-7.76343	18.39618	23.02513	1.37012	0.72986	149.21059	144.79561	56.16805	0.32825	 	1.95269E10	 	2.4199E-10	 	23600.998	31.5768	 
690.0	1.0	0.0	7.74831	7.27322	-7.7912	18.37801	22.95139	1.36742	0.7313	149.57268	144.9868	56.3124	0.32806	 	2.32094E10	 	2.02543E-10	 	23443.361	31.5274	 
685.0	1.0	0.0	7.75064	7.27104	-7.81892	18.35986	22.87763	1.36471	0.73276	149.93435	145.17715	56.45663	0.32787	 	2.7636199999999996E10	 	1.69216E-10	 	23285.971	31.478	 
680.0	1.0	0.0	7.75296	7.26886	-7.84659	18.34172	22.80386	1.36198	0.73423	150.29558	145.36667	56.60074	0.32768	 	3.2967699999999996E10	 	1.4111E-10	 	23128.826	31.429	 
675.0	1.0	0.0	7.75529	7.26668	-7.8742	18.32361	22.73007	1.35923	0.73571	150.65639	145.55535	56.74472	0.32749	 	3.9401E10	 	1.17451E-10	 	22971.928	31.3796	 
670.0	1.0	0.0	7.75761	7.2645	-7.90176	18.30551	22.65625	1.35647	0.73721	151.01676	145.7432	56.88859	0.3273	 	4.717869999999999E10	 	9.75712E-11	 	22815.274	31.3308	 
665.0	1.0	0.0	7.75993	7.26233	-7.92927	18.28744	22.58242	1.35369	0.73872	151.37669	145.93022	57.03233	0.32711	 	5.660029999999999E10	 	8.08985E-11	 	22658.866	31.2816	 
660.0	1.0	0.0	7.76224	7.26017	-7.95673	18.26938	22.50857	1.35089	0.74025	151.7362	146.11641	57.17596	0.32692	 	6.803599999999999E10	 	6.69421E-11	 	22502.703	31.2326	 
655.0	1.0	0.0	7.76455	7.25801	-7.98414	18.25134	22.43471	1.34808	0.7418	152.09527	146.30178	57.31946	0.32673	 	8.19446E10	 	5.52821E-11	 	22346.783	31.184	 
650.0	1.0	0.0	7.76686	7.25585	-8.0115	18.23332	22.36082	1.34525	0.74336	152.45391	146.48633	57.46283	0.32654	 	9.889549999999998E10	 	4.55599E-11	 	22191.108	31.135	 
645.0	1.0	0.0	7.76917	7.25369	-8.0388	18.21532	22.28691	1.3424	0.74494	152.81212	146.67006	57.60609	0.32635	 	1.19598E11	 	3.74695E-11	 	22035.675	31.0866	 
640.0	1.0	0.0	7.77147	7.25154	-8.06606	18.19734	22.21299	1.33953	0.74653	153.16989	146.85297	57.74922	0.32616	 	1.44935E11	 	3.07508E-11	 	21880.486	31.0378	 
635.0	1.0	0.0	7.77377	7.2494	-8.09326	18.17937	22.13904	1.33665	0.74814	153.52723	147.03507	57.89223	0.32597	 	1.76011E11	 	2.51828E-11	 	21725.54	30.9892	 
630.0	1.0	0.0	7.77607	7.24726	-8.12041	18.16143	22.06508	1.33374	0.74977	153.88414	147.21636	58.03512	0.32578	 	2.14212E11	 	2.0578E-11	 	21570.836	30.9408	 
625.0	1.0	0.0	7.77836	7.24512	-8.14751	18.1435	21.9911	1.33082	0.75142	154.24061	147.39684	58.17789	0.32559	 	2.61274E11	 	1.6778E-11	 	21416.375	30.8922	 
620.0	1.0	0.0	7.78066	7.24299	-8.17456	18.12559	21.9171	1.32788	0.75308	154.59665	147.57651	58.32053	0.32541	 	3.19385E11	 	1.36489E-11	 	21262.155	30.844	 
615.0	1.0	0.0	7.78294	7.24086	-8.20156	18.1077	21.84308	1.32492	0.75476	154.95226	147.75538	58.46305	0.32522	 	3.91304E11	 	1.10779E-11	 	21108.176	30.7958	 
610.0	1.0	0.0	7.78523	7.23873	-8.22851	18.08983	21.76904	1.32194	0.75646	155.30743	147.93344	58.60545	0.32503	 	4.80522E11	 	8.97032E-12	 	20954.438	30.7476	 
605.0	1.0	0.0	7.78751	7.23661	-8.25541	18.07198	21.69497	1.31895	0.75818	155.66216	148.11071	58.74772	0.32484	 	5.91463E11	 	7.24649E-12	 	20800.941	30.6994	 
600.0	1.0	0.0	7.78979	7.23449	-8.28226	18.05415	21.62089	1.31593	0.75992	156.01646	148.28719	58.88987	0.32465	 	7.29753E11	 	5.83983E-12	 	20647.685	30.6512	 
595.0	1.0	0.0	7.79207	7.23238	-8.30906	18.03633	21.54679	1.31289	0.76168	156.37033	148.46286	59.03189	0.32446	 	9.02557E11	 	4.69469E-12	 	20494.668	30.6034	 
590.0	1.0	0.0	7.79434	7.23027	-8.3358	18.01854	21.47267	1.30984	0.76345	156.72376	148.63775	59.1738	0.32427	 	1.11903E12	 	3.7647E-12	 	20341.891	30.5554	 
585.0	1.0	0.0	7.79661	7.22816	-8.3625	18.00076	21.39853	1.30676	0.76525	157.07676	148.81185	59.31558	0.32408	 	1.39091E12	 	3.01128E-12	 	20189.354	30.5074	 
580.0	1.0	0.0	7.79888	7.22606	-8.38915	17.983	21.32437	1.30367	0.76707	157.42932	148.98516	59.45723	0.32389	 	1.73326E12	 	2.40242E-12	 	20037.055	30.4598	 
575.0	1.0	0.0	7.80115	7.22396	-8.41574	17.96526	21.25019	1.30055	0.7689	157.78144	149.15768	59.59876	0.3237	 	2.16547E12	 	1.91164E-12	 	19884.996	30.4118	 
570.0	1.0	0.0	7.80341	7.22187	-8.44229	17.94754	21.17599	1.29741	0.77076	158.13313	149.32942	59.74017	0.32351	 	2.71262E12	 	1.51706E-12	 	19733.174	30.3644	 
565.0	1.0	0.0	7.80567	7.21978	-8.46879	17.92984	21.10177	1.29426	0.77264	158.48438	149.50039	59.88145	0.32332	 	3.40717E12	 	1.20064E-12	 	19581.591	30.3166	 
560.0	1.0	0.0	7.80792	7.21769	-8.49523	17.91216	21.02752	1.29108	0.77455	158.8352	149.67057	60.02261	0.32313	 	4.29128E12	 	9.47596E-13	 	19430.246	30.269	 
555.0	1.0	0.0	7.81017	7.21561	-8.52163	17.89449	20.95326	1.28788	0.77647	159.18558	149.83998	60.16365	0.32294	 	5.41987E12	 	7.45773E-13	 	19279.139	30.2214	 
550.0	1.0	0.0	7.81243	7.21353	-8.54798	17.87685	20.87897	1.28466	0.77842	159.53553	150.00862	60.30456	0.32275	 	6.86472E12	 	5.85252E-13	 	19128.269	30.174	 
545.0	1.0	0.0	7.81467	7.21146	-8.57428	17.85922	20.80467	1.28142	0.78039	159.88503	150.17648	60.44534	0.32256	 	8.71991E12	 	4.57939E-13	 	18977.635	30.1268	 
540.0	1.0	0.0	7.81692	7.20939	-8.60052	17.84161	20.73034	1.27815	0.78238	160.2341	150.34358	60.586	0.32237	 	1.11091E13	 	3.57256E-13	 	18827.239	30.0792	 
535.0	1.0	0.0	7.81916	7.20732	-8.62672	17.82402	20.65599	1.27486	0.7844	160.58274	150.50991	60.72654	0.32218	 	1.41953E13	 	2.77864E-13	 	18677.079	30.032	 
530.0	1.0	0.0	7.8214	7.20526	-8.65287	17.80645	20.58162	1.27155	0.78644	160.93093	150.67548	60.86695	0.32199	 	1.81945E13	 	2.15449E-13	 	18527.156	29.9846	 
525.0	1.0	0.0	7.82363	7.2032	-8.67897	17.7889	20.50723	1.26822	0.78851	161.27869	150.84029	61.00724	0.3218	 	2.33928E13	 	1.66528E-13	 	18377.468	29.9376	 
520.0	1.0	0.0	7.82586	7.20114	-8.70502	17.77137	20.43281	1.26487	0.7906	161.62601	151.00433	61.1474	0.32161	 	3.01719E13	 	1.28304E-13	 	18228.016	29.8904	 
515.0	1.0	0.0	7.82809	7.19909	-8.73102	17.75385	20.35838	1.26149	0.79271	161.9729	151.16762	61.28743	0.32142	 	3.90414E13	 	9.85305E-14	 	18078.8	29.8432	 
510.0	1.0	0.0	7.83032	7.19705	-8.75697	17.73635	20.28392	1.25809	0.79486	162.31934	151.33016	61.42734	0.32123	 	5.06846E13	 	7.54146E-14	 	17929.819	29.7962	 
505.0	1.0	0.0	7.83254	7.195	-8.78288	17.71888	20.20944	1.25466	0.79703	162.66535	151.49194	61.56712	0.32104	 	6.60214E13	 	5.75262E-14	 	17781.073	29.7492	 
500.0	1.0	0.0	7.83476	7.19296	-8.80873	17.70142	20.13493	1.25121	0.79922	163.01092	151.65297	61.70678	0.32085	 	8.62933E13	 	4.37294E-14	 	17632.562	29.7022	 
495.0	1.0	0.0	7.83698	7.19093	-8.83453	17.68398	20.06041	1.24774	0.80145	163.35605	151.81326	61.84631	0.32066	 	1.13184E14	 	3.31244E-14	 	17484.285	29.6554	 
490.0	1.0	0.0	7.8392	7.1889	-8.86029	17.66656	19.98586	1.24424	0.8037	163.70074	151.9728	61.98572	0.32047	 	1.48982E14	 	2.50013E-14	 	17336.243	29.6084	 
485.0	1.0	0.0	7.84141	7.18687	-8.886	17.64915	19.91129	1.24072	0.80598	164.04499	152.13159	62.125	0.32028	 	1.96816E14	 	1.88011E-14	 	17188.436	29.5614	 
480.0	1.0	0.0	7.84362	7.18485	-8.91165	17.63177	19.83669	1.23717	0.8083	164.38881	152.28965	62.26415	0.32009	 	2.6096999999999997E14	 	1.40857E-14	 	17040.862	29.5148	 
475.0	1.0	0.0	7.84582	7.18283	-8.93726	17.61441	19.76207	1.2336	0.81064	164.73218	152.44696	62.40318	0.3199	 	3.47343E14	 	1.05128E-14	 	16893.523	29.4678	 
470.0	1.0	0.0	7.84803	7.18081	-8.96283	17.59706	19.68743	1.23	0.81301	165.07512	152.60354	62.54208	0.31971	 	4.64084E14	 	7.81567E-15	 	16746.417	29.4212	 
465.0	1.0	0.0	7.85023	7.1788	-8.98834	17.57973	19.61276	1.22638	0.81541	165.41761	152.75938	62.68085	0.31952	 	6.22502E14	 	5.78749E-15	 	16599.544	29.3746	 
460.0	1.0	0.0	7.85242	7.17679	-9.0138	17.56242	19.53807	1.22273	0.81785	165.75967	152.91449	62.8195	0.31933	 	8.38348E14	 	4.2683E-15	 	16452.906	29.3276	 
455.0	1.0	0.0	7.85462	7.17478	-9.03922	17.54513	19.46336	1.21905	0.82031	166.10129	153.06887	62.95802	0.31914	 	1.13366E15	 	3.1349E-15	 	16306.5	29.2812	 
450.0	1.0	0.0	7.85681	7.17278	-9.06459	17.52786	19.38862	1.21534	0.82281	166.44246	153.22252	63.09641	0.31895	 	1.53941E15	 	2.29277E-15	 	16160.328	29.2344	 
445.0	1.0	0.0	7.859	7.17079	-9.08991	17.51061	19.31385	1.21161	0.82535	166.7832	153.37544	63.23468	0.31876	 	2.09931E15	 	1.66965E-15	 	16014.388	29.188	 
440.0	1.0	0.0	7.86118	7.16879	-9.11518	17.49338	19.23906	1.20785	0.82791	167.1235	153.52764	63.37282	0.31857	 	2.87532E15	 	1.21055E-15	 	15868.682	29.1412	 
435.0	1.0	0.0	7.86336	7.1668	-9.1404	17.47616	19.16425	1.20407	0.83052	167.46335	153.67912	63.51083	0.31838	 	3.95573E15	 	8.73747E-16	 	15723.209	29.0946	 
430.0	1.0	0.0	7.86554	7.16482	-9.16558	17.45896	19.08941	1.20025	0.83316	167.80277	153.82988	63.64872	0.31819	 	5.46684E15	 	6.27767E-16	 	15577.968	29.0482	 
425.0	1.0	0.0	7.86772	7.16283	-9.1907	17.44179	19.01455	1.19641	0.83583	168.14174	153.97992	63.78647	0.318	 	7.5903E15	 	4.48928E-16	 	15432.96	29.0016	 
420.0	1.0	0.0	7.86989	7.16086	-9.21578	17.42463	18.93965	1.19254	0.83855	168.48028	154.12925	63.9241	0.31781	 	1.05886E16	 	3.19504E-16	 	15288.185	28.955	 
415.0	1.0	0.0	7.87206	7.15888	-9.24082	17.40749	18.86474	1.18864	0.8413	168.81837	154.27786	64.06161	0.31763	 	1.48428E16	 	2.26283E-16	 	15143.642	28.9086	 
410.0	1.0	0.0	7.87423	7.15691	-9.2658	17.39037	18.78979	1.18471	0.84409	169.15602	154.42576	64.19898	0.31744	 	2.09095E16	 	1.59463E-16	 	14999.332	28.862	 
405.0	1.0	0.0	7.8764	7.15494	-9.29074	17.37326	18.71482	1.18075	0.84692	169.49323	154.57295	64.33623	0.31725	 	2.9605E16	 	1.11801E-16	 	14855.254	28.8156	 
400.0	1.0	0.0	7.87856	7.15298	-9.31563	17.35618	18.63982	1.17676	0.84979	169.83	154.71943	64.47334	0.31706	 	4.21338E16	 	7.79773E-17	 	14711.41	28.7688	 
395.0	1.0	0.0	7.88072	7.15102	-9.34047	17.33911	18.5648	1.17274	0.8527	170.16633	154.86521	64.61033	0.31687	 	6.02822E16	 	5.40968E-17	 	14567.797	28.7226	 
390.0	1.0	0.0	7.88287	7.14907	-9.36526	17.32207	18.48975	1.16869	0.85566	170.50221	155.01028	64.74719	0.31668	 	8.67149E16	 	3.73254E-17	 	14424.417	28.676	 
385.0	1.0	0.0	7.88503	7.14711	-9.39001	17.30504	18.41467	1.16461	0.85866	170.83765	155.15465	64.88393	0.31649	 	1.25429E17	 	2.56103E-17	 	14281.27	28.6294	 
380.0	1.0	0.0	7.88718	7.14517	-9.41471	17.28803	18.33956	1.16049	0.8617	171.17265	155.29833	65.02053	0.3163	 	1.82455E17	 	1.74721E-17	 	14138.356	28.5828	 
375.0	1.0	0.0	7.88932	7.14322	-9.43936	17.27104	18.26442	1.15634	0.86479	171.50721	155.4413	65.15701	0.31611	 	2.66947E17	 	1.18505E-17	 	13995.674	28.5364	 
370.0	1.0	0.0	7.89147	7.14128	-9.46397	17.25407	18.18925	1.15217	0.86793	171.84133	155.58359	65.29335	0.31592	 	3.92883E17	 	7.98979E-18	 	13853.226	28.4896	 
365.0	1.0	0.0	7.89361	7.13934	-9.48853	17.23711	18.11406	1.14795	0.87111	172.175	155.72517	65.42957	0.31573	 	5.81745E17	 	5.35398E-18	 	13711.01	28.4432	 
360.0	1.0	0.0	7.89575	7.13741	-9.51304	17.22018	18.03883	1.14371	0.87435	172.50823	155.86607	65.56566	0.31554	 	8.6675E17	 	3.56533E-18	 	13569.027	28.3966	 
355.0	1.0	0.0	7.89788	7.13548	-9.5375	17.20326	17.96358	1.13943	0.87763	172.84102	156.00628	65.70162	0.31535	 	1.29961E18	 	2.35905E-18	 	13427.278	28.3498	 
350.0	1.0	0.0	7.90001	7.13355	-9.56192	17.18637	17.88829	1.13512	0.88096	173.17337	156.1458	65.83745	0.31516	 	1.96134E18	 	1.55069E-18	 	13285.762	28.3032	 
345.0	1.0	0.0	7.90214	7.13163	-9.58629	17.16949	17.81298	1.13077	0.88435	173.50527	156.28464	65.97315	0.31497	 	2.97979E18	 	1.0125E-18	 	13144.48	28.2564	 
340.0	1.0	0.0	7.90427	7.12971	-9.61062	17.15263	17.73763	1.12639	0.88779	173.83673	156.42279	66.10873	0.31478	 	4.55807E18	 	6.56557E-19	 	13003.431	28.2098	 
335.0	1.0	0.0	7.90639	7.1278	-9.6349	17.13579	17.66225	1.12197	0.89129	174.16774	156.56026	66.24417	0.31459	 	7.02119E18	 	4.22753E-19	 	12862.617	28.1628	 
330.0	1.0	0.0	7.90851	7.12589	-9.65913	17.11897	17.58684	1.11752	0.89484	174.49831	156.69706	66.37948	0.3144	 	1.08931E19	 	2.70246E-19	 	12722.037	28.116	 
325.0	1.0	0.0	7.91063	7.12398	-9.68331	17.10216	17.5114	1.11303	0.89845	174.82844	156.83317	66.51466	0.31421	 	1.70248E19	 	1.7148E-19	 	12581.692	28.069	 
320.0	1.0	0.0	7.91275	7.12207	-9.70745	17.08538	17.43592	1.1085	0.90212	175.15813	156.96861	66.64972	0.31402	 	2.68091E19	 	1.07987E-19	 	12441.581	28.0222	 
315.0	1.0	0.0	7.91486	7.12017	-9.73155	17.06861	17.36041	1.10394	0.90585	175.48737	157.10338	66.78464	0.31383	 	4.25436E19	 	6.74747E-20	 	12301.706	27.975	 
310.0	1.0	0.0	7.91697	7.11828	-9.75559	17.05186	17.28487	1.09934	0.90964	175.81617	157.23748	66.91944	0.31364	 	6.80496E19	 	4.18255E-20	 	12162.067	27.9278	 
305.0	1.0	0.0	7.91907	7.11638	-9.77959	17.03514	17.20929	1.0947	0.91349	176.14452	157.3709	67.0541	0.31345	 	1.0973499999999998E20	 	2.57147E-20	 	12022.664	27.8806	 
300.0	1.0	0.0	7.92118	7.11449	-9.80355	17.01843	17.13368	1.09002	0.91741	176.47243	157.50367	67.18863	0.31326	 	1.78437E20	 	1.56772E-20	 	11883.497	27.8334	 
295.0	1.0	0.0	7.92328	7.11261	-9.82746	17.00174	17.05803	1.08531	0.9214	176.7999	157.63576	67.32304	0.31307	 	2.9264599999999997E20	 	9.47561E-21	 	11744.568	27.7858	 
290.0	1.0	0.0	7.92537	7.11073	-9.85132	16.98506	16.98234	1.08055	0.92546	177.12692	157.76719	67.45731	0.31288	 	4.8418899999999997E20	 	5.6767E-21	 	11605.876	27.7384	 
285.0	1.0	0.0	7.92747	7.10885	-9.87514	16.96841	16.90662	1.07575	0.92958	177.4535	157.89796	67.59145	0.31269	 	8.083589999999999E20	 	3.37003E-21	 	11467.421	27.691	 
280.0	1.0	0.0	7.92956	7.10697	-9.89891	16.95178	16.83087	1.07091	0.93378	177.77963	158.02807	67.72547	0.3125	 	1.36213E21	 	1.98204E-21	 	11329.206	27.643	 
275.0	1.0	0.0	7.93165	7.1051	-9.92263	16.93516	16.75507	1.06603	0.93806	178.10532	158.15753	67.85935	0.31231	 	2.31721E21	 	1.15457E-21	 	11191.23	27.5952	 
270.0	1.0	0.0	7.93373	7.10323	-9.94631	16.91856	16.67924	1.06111	0.94241	178.43056	158.28633	67.9931	0.31212	 	3.98073E21	 	6.65953E-22	 	11053.494	27.5472	 
265.0	1.0	0.0	7.93582	7.10137	-9.96995	16.90198	16.60336	1.05615	0.94684	178.75536	158.41447	68.12672	0.31193	 	6.907580000000001E21	 	3.80246E-22	 	10915.998	27.4992	 
260.0	1.0	0.0	7.9379	7.09951	-9.99354	16.88542	16.52745	1.05114	0.95135	179.07972	158.54196	68.26021	0.31174	 	1.2110999999999998E22	 	2.14861E-22	 	10778.744	27.4508	 
255.0	1.0	0.0	7.93997	7.09765	-10.01708	16.86888	16.4515	1.04609	0.95594	179.40363	158.6688	68.39357	0.31155	 	2.1460899999999997E22	 	1.20115E-22	 	10641.732	27.4024	 
250.0	1.0	0.0	7.94205	7.0958	-10.04058	16.85236	16.3755	1.041	0.96062	179.72709	158.795	68.5268	0.31136	 	3.84475E22	 	6.64118E-23	 	10504.963	27.3538	 
245.0	1.0	0.0	7.94412	7.09395	-10.06403	16.83586	16.29946	1.03586	0.96538	180.05012	158.92055	68.65989	0.31117	 	6.965849999999999E22	 	3.63051E-23	 	10368.438	27.305	 
240.0	1.0	0.0	7.94619	7.0921	-10.08744	16.81937	16.22338	1.03067	0.97024	180.37269	159.04545	68.79286	0.31098	 	1.27676E23	 	1.96165E-23	 	10232.157	27.2562	 
235.0	1.0	0.0	7.94825	7.09026	-10.11081	16.8029	16.14726	1.02544	0.97519	180.69482	159.16972	68.92569	0.31079	 	2.3682299999999997E23	 	1.04726E-23	 	10096.123	27.2068	 
230.0	1.0	0.0	7.95032	7.08842	-10.13412	16.78646	16.07109	1.02016	0.98023	181.01651	159.29334	69.0584	0.3106	 	4.4470499999999993E23	 	5.5222E-24	 	9960.336	27.1574	 
225.0	1.0	0.0	7.95238	7.08658	-10.1574	16.77003	15.99488	1.01484	0.98538	181.33775	159.41632	69.19097	0.31041	 	8.45692E23	 	2.87498E-24	 	9824.796	27.108	 
220.0	1.0	0.0	7.95443	7.08475	-10.18063	16.75362	15.91862	1.00947	0.99062	181.65855	159.53867	69.32341	0.31023	 	1.62935E24	 	1.47725E-24	 	9689.506	27.058	 
215.0	1.0	0.0	7.95649	7.08292	-10.20381	16.73723	15.84231	1.00404	0.99597	181.9789	159.66039	69.45572	0.31004	 	3.18162E24	 	7.48845E-25	 	9554.467	27.0078	 
210.0	1.0	0.0	7.95854	7.0811	-10.22695	16.72085	15.76595	0.99857	1.00143	182.29881	159.78147	69.5879	0.30985	 	6.29939E24	 	3.74343E-25	 	9419.679	26.9576	 
205.0	1.0	0.0	7.96058	7.07928	-10.25004	16.7045	15.68955	0.99305	1.007	182.61828	159.90192	69.71994	0.30966	 	1.26518E25	 	1.84458E-25	 	9285.145	26.9068	 
200.0	1.0	0.0	7.96263	7.07746	-10.27309	16.68816	15.61309	0.98748	1.01268	182.9373	160.02174	69.85186	0.30947	 	2.57875E25	 	8.95523E-26	 	9150.865	26.856	 
195.0	1.0	0.0	7.96467	7.07564	-10.2961	16.67185	15.53659	0.98185	1.01848	183.25587	160.14094	69.98364	0.30928	 	5.336670000000001E25	 	4.28155E-26	 	9016.842	26.8046	 
190.0	1.0	0.0	7.96671	7.07383	-10.31906	16.65555	15.46003	0.97618	1.0244	183.574	160.25951	70.11529	0.30909	 	1.1218900000000002E26	 	2.01492E-26	 	8883.077	26.753	 
185.0	1.0	0.0	7.96875	7.07202	-10.34198	16.63927	15.38341	0.97045	1.03045	183.89169	160.37746	70.24681	0.3089	 	2.39704E26	 	9.32865E-27	 	8749.572	26.701	 
180.0	1.0	0.0	7.97078	7.07022	-10.36485	16.62301	15.30674	0.96467	1.03663	184.20893	160.49478	70.3782	0.30871	 	5.208070000000001E26	 	4.24671E-27	 	8616.328	26.6488	 
175.0	1.0	0.0	7.97281	7.06842	-10.38768	16.60677	15.23002	0.95883	1.04294	184.52573	160.61149	70.50946	0.30852	 	1.15132E27	 	1.89982E-27	 	8483.348	26.596	 
170.0	1.0	0.0	7.97484	7.06662	-10.41046	16.59055	15.15323	0.95293	1.04939	184.84208	160.72758	70.64059	0.30833	 	2.5911399999999997E27	 	8.3473E-28	 	8350.634	26.5428	 
165.0	1.0	0.0	7.97686	7.06483	-10.43321	16.57434	15.07639	0.94699	1.05598	185.15799	160.84306	70.77158	0.30814	 	5.94055E27	 	3.59983E-28	 	8218.188	26.4892	 
160.0	1.0	0.0	7.97889	7.06304	-10.4559	16.55816	14.99948	0.94098	1.06272	185.47346	160.95792	70.90244	0.30795	 	1.38829E28	 	1.5228E-28	 	8086.013	26.435	 
155.0	1.0	0.0	7.9809	7.06125	-10.47856	16.54199	14.92251	0.93491	1.06962	185.78848	161.07217	71.03317	0.30776	 	3.30937E28	 	6.31447E-29	 	7954.11	26.3806	 
150.0	1.0	0.0	7.98292	7.05947	-10.50116	16.52584	14.84548	0.92879	1.07667	186.10306	161.18582	71.16377	0.30757	 	8.05241E28	 	2.56481E-29	 	7822.482	26.3256	 
145.0	1.0	0.0	7.98493	7.05769	-10.52373	16.50971	14.76838	0.92261	1.08388	186.4172	161.29885	71.29424	0.30738	 	2.00144E29	 	1.01971E-29	 	7691.133	26.2698	 
140.0	1.0	0.0	7.98694	7.05591	-10.54625	16.4936	14.69121	0.91636	1.09127	186.73089	161.41129	71.42458	0.30719	 	5.08544E29	 	3.96521E-30	 	7560.065	26.2136	 
135.0	1.0	0.0	7.98895	7.05414	-10.56873	16.47751	14.61398	0.91006	1.09883	187.04414	161.52311	71.55478	0.307	 	1.32202E30	 	1.50685E-30	 	7429.28	26.157	 
130.0	1.0	0.0	7.99096	7.05237	-10.59117	16.46144	14.53667	0.90369	1.10657	187.35695	161.63434	71.68485	0.30681	 	3.51915E30	 	5.59133E-31	 	7298.784	26.0992	 
125.0	1.0	0.0	7.99296	7.0506	-10.61356	16.44538	14.45929	0.89726	1.11451	187.66932	161.74497	71.8148	0.30662	 	9.60103E30	 	2.02402E-31	 	7168.578	26.0412	 
120.0	1.0	0.0	7.99496	7.04884	-10.6359	16.42935	14.38183	0.89076	1.12263	187.98124	161.855	71.94461	0.30643	 	2.68711E31	 	7.14102E-32	 	7038.666	25.9824	 
115.0	1.0	0.0	7.99695	7.04708	-10.65821	16.41333	14.30429	0.8842	1.13096	188.29273	161.96444	72.07429	0.30624	 	7.72266E31	 	2.45312E-32	 	6909.053	25.9226	 
110.0	1.0	0.0	7.99895	7.04532	-10.68047	16.39733	14.22667	0.87757	1.13951	188.60377	162.07328	72.20383	0.30605	 	2.2814699999999997E32	 	8.19672E-33	 	6779.743	25.862	 
105.0	1.0	0.0	8.00094	7.04357	-10.70269	16.38135	14.14896	0.87088	1.14827	188.91438	162.18154	72.33325	0.30586	 	6.93593E32	 	2.66101E-33	 	6650.739	25.8008	 
100.0	1.0	0.0	8.00292	7.04182	-10.72487	16.36539	14.07117	0.86411	1.15726	189.22454	162.2892	72.46254	0.30567	 	2.17237E33	 	8.3837E-34	 	6522.046	25.7386	 
95.0	1.0	0.0	8.00491	7.04008	-10.747	16.34945	13.99329	0.85728	1.16648	189.53426	162.39628	72.5917	0.30548	 	7.018310000000001E33	 	2.56023E-34	 	6393.67	25.6752	 
90.0	1.0	0.0	8.00689	7.03833	-10.76909	16.33352	13.91532	0.85038	1.17595	189.84355	162.50278	72.72072	0.30529	 	2.34183E34	 	7.56863E-35	 	6265.615	25.611	 
85.0	1.0	0.0	8.00887	7.0366	-10.79114	16.31762	13.83725	0.8434	1.18568	190.1524	162.60869	72.84962	0.3051	 	8.08146E34	 	2.16303E-35	 	6137.887	25.5456	 
80.0	1.0	0.0	8.01084	7.03486	-10.81314	16.30173	13.75909	0.83635	1.19567	190.46081	162.71402	72.97838	0.30491	 	2.8883999999999998E35	 	5.96745E-36	 	6010.492	25.479	 
75.0	1.0	0.0	8.01282	7.03313	-10.8351	16.28587	13.68082	0.82922	1.20595	190.76878	162.81878	73.10702	0.30472	 	1.0708099999999999E36	 	1.58687E-36	 	5883.436	25.4112	 
70.0	1.0	0.0	8.01479	7.0314	-10.85702	16.27002	13.60244	0.82202	1.21651	191.07632	162.92296	73.23552	0.30453	 	4.1243099999999995E36	 	4.06087E-37	 	5756.725	25.3422	 
65.0	1.0	0.0	8.01676	7.02967	-10.8789	16.25419	13.52395	0.81475	1.22737	191.38343	163.02657	73.3639	0.30434	 	1.65314E37	 	9.98359E-38	 	5630.366	25.2718	 
60.0	1.0	0.0	8.01872	7.02795	-10.90073	16.23838	13.44535	0.80739	1.23855	191.6901	163.12961	73.49215	0.30415	 	6.90822E37	 	2.35375E-38	 	5504.367	25.1998	 
55.0	1.0	0.0	8.02068	7.02623	-10.92252	16.22259	13.36663	0.79996	1.25006	191.99633	163.23208	73.62027	0.30396	 	3.01543E38	 	5.31142E-39	 	5378.736	25.1262	 
50.0	1.0	0.0	8.02264	7.02452	-10.94427	16.20681	13.28778	0.79245	1.26192	192.30214	163.33399	73.74826	0.30377	 	1.3776400000000002E39	 	1.14487E-39	 	5253.482	25.0508	 
45.0	1.0	0.0	8.0246	7.0228	-10.96598	16.19106	13.20881	0.78485	1.27413	192.60751	163.43534	73.87612	0.30358	 	6.60178E39	 	2.35211E-40	 	5128.612	24.974	 
40.0	1.0	0.0	8.02655	7.0211	-10.98765	16.17532	13.1297	0.77717	1.28672	192.91245	163.53612	74.00385	0.30339	 	3.32597E40	 	4.59538E-41	 	5004.138	24.8948	 
35.0	1.0	0.0	8.0285	7.01939	-11.00927	16.1596	13.05045	0.7694	1.29971	193.21697	163.63635	74.13146	0.3032	 	1.7658900000000002E41	 	8.51696E-42	 	4880.068	24.814	 
30.0	1.0	0.0	8.03045	7.01769	-11.03085	16.1439	12.97105	0.76155	1.31311	193.52106	163.73602	74.25894	0.30302	 	9.90667E41	 	1.49354E-42	 	4756.415	24.7306	 
25.0	1.0	0.0	8.03239	7.01599	-11.05239	 	12.8915	0.75361	1.32694	193.82472	163.83515	74.3863	0.30283	 	5.88859E42	 	2.47121E-43	 	4633.19	 	 
