T (C)	Fraction solid (wt)-TOTAL	Fraction liquid (wt)-LIQUID	Density (g/(cm)^3)-TOTAL	Molar volume (cm^3)-TOTAL	Volume change (%)-  	Average expansion coeff. (10e-6 1/K)-  	Thermal conductivity (W/(m*K))-TOTAL	Electrical resistivity (10e-6 Ohm*m)-TOTAL	Electrical conductivity (10e6 1/(Ohm*m))-TOTAL	Young's modulus (GPa)-TOTAL	Bulk modulus (GPa)-TOTAL	Shear modulus(GPa)-TOTAL	Poisson's ratio-TOTAL	Liquid viscosity (mPa s)-  	Total viscosity (mPa s)-  	Liquid diffusivity (10e-9 (m^2)/s)-  	Total diffusivity (10e-9 (m^2)/s)-  	Surface Tension (mN/m)-  	Enthalpy (J/mole)-TOTAL	Specific heat (J/(mole K))-TOTAL	Latent heat (J/mole)-TOTAL
1500.0	0.0	1.0	6.86624	7.68995	0.0	28.34997	32.75548	1.76392	0.56692	0.0	99.03145	0.0	0.49976	5.85938	5.85938	1.477	1.477	1778.37639	64936.194	 	0.0
1495.0	0.0	1.0	6.87008	7.68565	-0.0558959	28.30375	32.68307	1.76284	0.56727	0.0	99.21328	0.0	0.49976	5.90793	5.90793	1.46073	1.46073	1780.37862	64718.091	43.6206	0.0
1490.0	0.0	1.0	6.87391	7.68136	-0.11164	28.25761	32.61067	1.76176	0.56761	0.0	99.39512	0.0	0.49976	5.95716	5.95716	1.44456	1.44456	1782.37853	64500.548	43.5086	0.0
1485.0	0.0	1.0	6.87774	7.67709	-0.16722	28.21156	32.53826	1.76068	0.56796	0.0	99.57695	0.0	0.49976	6.00709	6.00709	1.4285	1.4285	1784.37608	64283.561	43.3974	0.0
1480.0	0.0	1.0	6.88156	7.67282	-0.22265	28.16559	32.46585	1.75958	0.56832	0.0	99.75878	0.0	0.49976	6.05772	6.05772	1.41253	1.41253	1786.37125	64067.125	43.2872	0.0
1475.0	0.0	1.0	6.88537	7.66857	-0.27792	28.11971	32.39345	1.75849	0.56867	0.0	99.94061	0.0	0.49976	6.10907	6.10907	1.39666	1.39666	1788.364	63851.239	43.1772	0.0
1470.0	0.0	1.0	6.88918	7.66433	-0.33304	28.07391	32.32104	1.75739	0.56903	0.0	100.12244	0.0	0.49976	6.16115	6.16115	1.38089	1.38089	1790.3543	63635.897	43.0684	0.0
1465.0	0.0	1.0	6.89298	7.66011	-0.388	28.0282	32.24863	1.75628	0.56939	0.0	100.30427	0.0	0.49976	6.21399	6.21399	1.36522	1.36522	1792.34212	63421.096	42.9602	0.0
1460.0	0.0	1.0	6.89678	7.65589	-0.44281	27.98258	32.17622	1.75517	0.56975	0.0	100.4861	0.0	0.49976	6.26758	6.26758	1.34966	1.34966	1794.32742	63206.833	42.8526	0.0
1455.0	0.0	1.0	6.90057	7.65169	-0.49746	27.93705	32.10382	1.75405	0.57011	0.0	100.66794	0.0	0.49976	6.32195	6.32195	1.33419	1.33419	1796.31017	62993.103	42.746	0.0
1450.0	0.0	1.0	6.90435	7.6475	-0.55196	27.89161	32.03141	1.75293	0.57047	0.0	100.84977	0.0	0.49976	6.37711	6.37711	1.31882	1.31882	1798.29032	62779.905	42.6396	0.0
1445.0	0.0	1.0	6.90812	7.64332	-0.6063	27.84626	31.959	1.7518	0.57084	0.0	101.0316	0.0	0.49976	6.43308	6.43308	1.30355	1.30355	1800.26785	62567.237	42.5336	0.0
1440.0	0.0	1.0	6.91189	7.63915	-0.66048	27.801	31.8866	1.75067	0.57121	0.0	101.21343	0.0	0.49976	6.48987	6.48987	1.28839	1.28839	1802.24272	62355.096	42.4282	0.0
1435.0	0.0	1.0	6.91565	7.635	-0.71451	27.75583	31.81419	1.74954	0.57158	0.0	101.39526	0.0	0.49976	6.5475	6.5475	1.27332	1.27332	1804.21489	62143.477	42.3238	0.0
1430.0	0.0	1.0	6.91941	7.63086	-0.76838	27.71076	31.74178	1.74839	0.57195	0.0	101.57709	0.0	0.49976	6.60598	6.60598	1.25835	1.25835	1806.18432	61932.378	42.2198	0.0
1425.0	0.0	1.0	6.92315	7.62673	-0.8221	27.66578	31.66938	1.74725	0.57233	0.0	101.75892	0.0	0.49976	6.66534	6.66534	1.24348	1.24348	1808.15097	61721.795	42.1166	0.0
1420.0	0.0	1.0	6.92689	7.62261	-0.87566	27.6209	31.59697	1.74609	0.57271	0.0	101.94075	0.0	0.49976	6.72558	6.72558	1.22872	1.22872	1810.11481	61511.725	42.014	0.0
1415.0	0.0	1.0	6.93063	7.6185	-0.92907	27.57611	31.52456	1.74494	0.57309	0.0	102.12259	0.0	0.49976	6.78673	6.78673	1.21405	1.21405	1812.07579	61302.164	41.9122	0.0
1410.0	0.0	1.0	6.93436	7.61441	-0.98232	27.53143	31.45216	1.74377	0.57347	0.0	102.30442	0.0	0.49976	6.84881	6.84881	1.19948	1.19948	1814.03387	61093.108	41.8112	0.0
1405.0	0.0	1.0	6.93808	7.61032	-1.03542	27.48684	31.37975	1.74261	0.57385	0.0	102.48625	0.0	0.49976	6.91182	6.91182	1.18502	1.18502	1815.98902	60884.554	41.7108	0.0
1400.0	0.0	1.0	6.94179	7.60625	-1.08836	27.44235	31.30734	1.74143	0.57424	0.0	102.66808	0.0	0.49976	6.9758	6.9758	1.17065	1.17065	1817.94118	60676.497	41.6114	0.0
1399.79	0.0	1.0	6.94195	7.60608	-1.0906	27.44047	31.30428	1.74138	0.57426	0.0	102.67577	0.0	0.49976	6.97853	6.97853	1.17005	1.17005	1818.02373	60667.703	41.5615	0.0010
1395.0	0.0513901	0.94861	6.9527	7.59426	-1.24428	27.11555	31.36116	1.73325	0.57695	3.54141E-4	100.60413	1.18677E-4	0.49204	6.98249	7.48795	1.16604	1.08732	1818.25345	60003.222	138.769	465.711
1390.0	0.10025	0.89975	6.96314	7.58289	-1.39212	26.80855	31.41095	1.72531	0.5796	0.00519964	98.67197	0.00175112	0.48466	6.98672	8.42138	1.16184	0.96391	1818.52893	59354.402	129.764	907.462
1385.0	0.14483	0.85517	6.97284	7.5724	-1.52857	26.53073	31.45185	1.71789	0.58211	0.0229434	96.94679	0.00776219	0.4779	6.99133	10.61758	1.15758	0.76223	1818.83762	58745.822	121.716	1309.459
1380.0	0.18563	0.81437	6.98199	7.56257	-1.65635	26.27484	31.48504	1.7109	0.58449	0.0627207	95.40471	0.0213093	0.47167	6.9957	15.13447	1.15337	0.53313	1819.1798	58172.558	114.653	1676.629
1375.0	0.22311	0.77689	6.9906	7.55332	-1.77671	26.03768	31.51105	1.70432	0.58674	0.1325	94.02417	0.0451931	0.46592	7.00014	23.06459	1.14915	0.34877	1819.5539	57630.445	108.423	2013.128
1370.0	0.25764	0.74236	6.99873	7.54464	-1.88958	25.81966	31.53098	1.69808	0.5889	0.23841	92.78881	0.0816121	0.4606	7.00462	35.45843	1.14493	0.22617	1819.95632	57115.95	102.899	2322.489
1365.0	0.28953	0.71047	7.00637	7.53653	-1.995	25.62087	31.54542	1.69214	0.59097	0.38471	91.68304	0.13214	0.45567	7.00941	53.30485	1.14067	0.14999	1820.38393	56626.057	97.9786	2607.727
1360.0	0.31907	0.68093	7.01368	7.52878	-2.09577	25.43365	31.55473	1.68647	0.59295	0.57393	90.69338	0.19776	0.45107	7.014	77.51388	1.13644	0.10283	1820.83985	56158.169	93.5776	2871.43
1357.45	0.33342	0.66658	7.01732	7.52496	-2.14546	25.34237	31.55775	1.68368	0.59394	0.68838	90.2248	0.23756	0.44882	7.01616	92.7065	1.13432	0.0858469	1821.08127	55926.422	 	2999.364
1357.45	0.33342	0.66658	7.01732	7.52496	-2.14546	25.34237	31.55775	1.68368	0.59394	0.68838	90.2248	0.23756	0.44882	7.01616	92.70651	1.13432	0.0858469	1821.08127	55926.423	 	2999.363
1355.0	0.35545	0.64455	7.02241	7.51955	-2.21584	25.1906	31.57842	1.68005	0.59522	0.80574	90.0335	0.27866	0.44573	7.01217	122.73359	1.13326	0.0647467	1821.15323	55596.908	112.252	3228.978
1350.0	0.39736	0.60264	7.03229	7.50904	-2.3525	24.89872	31.61348	1.67303	0.59772	1.08601	89.74344	0.37714	0.43978	7.00348	203.55213	1.13118	0.0389197	1821.3419	54958.818	127.618	3663.822
1345.0	0.43548	0.56452	7.0415	7.49942	-2.47756	24.63762	31.64034	1.66646	0.60007	1.42907	89.56092	0.49817	0.43433	6.99447	313.27795	1.12915	0.0252102	1821.57044	54363.008	119.162	4056.851
1340.0	0.47024	0.52976	7.05011	7.49053	-2.59314	24.40155	31.65948	1.66031	0.6023	1.84594	89.46098	0.64574	0.42932	6.98527	454.69577	1.12714	0.0173157	1821.83895	53804.726	111.656	4412.814
1335.0	0.50199	0.49801	7.05823	7.48226	-2.70075	24.18653	31.67171	1.65452	0.6044	2.34624	89.42772	0.82341	0.42471	6.97558	630.10468	1.12521	0.0124566	1822.14732	53279.893	104.967	4735.79
1330.0	0.53103	0.46897	7.06584	7.47463	-2.8	23.9939	31.67776	1.64906	0.6064	2.93681	89.45008	1.03376	0.42045	6.96612	841.4159	1.12323	0.0092993	1822.48894	52784.997	98.9792	5029.283
1325.0	0.55764	0.44236	7.07302	7.46755	-2.89201	23.82065	31.67821	1.6439	0.60831	3.62174	89.51945	1.2784	0.41651	6.95672	1090.25415	1.12124	0.00715445	1822.86252	52316.999	93.5996	5296.332
1320.0	0.58206	0.41794	7.07983	7.46093	-2.97807	23.66331	31.67357	1.63899	0.61013	4.40211	89.62876	1.55786	0.41287	6.94723	1378.01777	1.11926	0.00564272	1823.26873	51873.254	88.749	5539.578
1315.0	0.60448	0.39552	7.0863	7.45469	-3.05924	23.51899	31.66395	1.63435	0.61187	5.27721	89.77117	1.87202	0.4095	6.93799	1706.27407	1.11723	0.00454286	1823.70831	51451.438	84.3632	5761.345
1310.0	0.6251	0.3749	7.09241	7.4489	-3.13452	23.39072	31.65022	1.62991	0.61353	6.24224	89.94397	2.21927	0.40637	6.92951	2076.19543	1.11508	0.00372169	1824.17227	51049.505	80.3866	5963.674
1305.0	0.64406	0.35594	7.09827	7.4434	-3.20601	23.27256	31.6324	1.62568	0.61513	7.29249	90.14197	2.59804	0.40346	6.92142	2489.49096	1.11286	0.00309403	1824.66746	50665.638	76.7734	6148.379
1300.0	0.66152	0.33848	7.10383	7.43832	-3.27216	23.16919	31.61126	1.62161	0.61667	8.41894	90.36383	3.00512	0.40077	6.91444	2947.39012	1.11045	0.00260507	1825.18157	50298.219	73.4838	6317.078
1295.0	0.67761	0.32239	7.10918	7.43346	-3.33531	23.07386	31.58671	1.61771	0.61816	9.61429	90.60512	3.43795	0.39826	6.90815	3451.77952	1.10793	0.00221733	1825.72426	49945.782	70.4874	6471.231
1290.0	0.69243	0.30757	7.11431	7.42882	-3.39568	22.98604	31.559	1.61397	0.61959	10.86873	90.86324	3.89304	0.39592	6.90295	4004.43733	1.10523	0.00190522	1826.29404	49607.009	67.7546	6612.157
1285.0	0.70612	0.29388	7.11922	7.42447	-3.45218	22.90903	31.52862	1.61036	0.62098	12.17289	91.13766	4.36699	0.39374	6.8996	4607.89046	1.10223	0.00165042	1826.88091	49280.695	65.2628	6741.056
1280.0	0.71876	0.28124	7.12397	7.42031	-3.50631	22.8385	31.49582	1.60686	0.62233	13.51642	91.42563	4.85606	0.39171	6.89721	5264.23981	1.09907	0.00144001	1827.49158	48965.744	62.9902	6859.023
1275.48	0.7283	0.2717	7.12777	7.41658	-3.55488	22.77528	31.46423	1.60379	0.62352	14.63496	91.696	5.26381	0.39015	6.89657	5868.591	1.09598	0.00128796	1828.05759	48700.074	 	6947.052
1275.0	0.73724	0.26276	7.12962	7.41472	-3.57902	22.71162	31.46122	1.60345	0.62366	15.71991	91.79985	5.66058	0.38854	6.90602	6224.02902	1.09414	0.00121403	1827.73198	48554.54	82.2408	7073.67
1270.0	0.81178	0.18822	7.14551	7.39867	-3.78777	22.17382	31.42576	1.60007	0.62497	28.12285	92.76721	10.22602	0.37506	7.00685	10031.07525	1.07491	7.5084E-4	1824.51847	47307.383	249.431	8124.695
1268.22	0.82978	0.17022	7.14965	7.39452	-3.84176	22.04263	31.41082	1.59899	0.6254	32.18465	93.0487	11.73101	0.37178	7.04383	11268.86075	1.06803	6.67596E-4	1823.41167	46985.663	 	8376.719
1265.0	0.86695	0.13305	7.1595	7.38462	-3.97042	21.71063	31.38293	1.59707	0.62615	42.07165	93.607	15.41064	0.36502	7.13737	14151.44142	1.05183	5.30499E-4	1823.92545	46326.459	196.185	8909.911
1260.0	0.90512	0.0948814	7.17038	7.37364	-4.11317	21.3649	31.33589	1.59426	0.62725	54.3599	94.33331	20.01503	0.35798	7.29232	18109.78007	1.02614	4.13198E-4	1824.41245	45588.439	147.604	9452.643
1255.0	0.92887	0.0711262	7.17806	7.36582	-4.21487	21.14158	31.286	1.5916	0.6283	63.0892	94.94713	23.30596	0.3535	7.45546	21540.76935	1.00041	3.46251E-4	1824.64891	45059.702	105.747	9786.511
1250.0	0.94476	0.0552435	7.18402	7.35969	-4.29458	20.98377	31.23449	1.58901	0.62932	69.42126	95.49679	25.70346	0.35043	7.62631	24673.39021	0.9748	3.01301E-4	1824.68659	44644.836	82.9732	10006.923
1245.0	0.95596	0.044037	7.18898	7.35456	-4.36134	20.86448	31.1818	1.58647	0.63033	74.18154	96.00703	27.51151	0.34819	7.80475	27659.9307	0.94938	2.67886E-4	1824.55683	44297.604	69.4464	10160.115
1240.0	0.9642	0.0358022	7.19332	7.35002	-4.42034	20.76818	31.12867	1.58394	0.63134	77.88983	96.49106	28.92333	0.34649	7.98878	30601.05138	0.92446	2.41342E-4	1824.30821	43993.286	60.8636	10270.808
1235.0	0.97045	0.0295502	7.19724	7.3459	-4.47397	20.68771	31.07515	1.58143	0.63234	80.87313	96.95739	30.06119	0.34514	8.17965	33567.72396	0.8999	2.19285E-4	1823.946	43717.623	55.1326	10353.261
1230.0	0.97532	0.0246787	7.20089	7.34205	-4.52405	20.61764	31.02135	1.57892	0.63335	83.34135	97.41083	31.00396	0.34404	8.37625	36612.16895	0.87587	2.00384E-4	1823.49444	43461.894	51.1458	10416.192
1225.0	0.9792	0.020797	7.20434	7.33839	-4.57157	20.55498	30.96737	1.57641	0.63435	85.43444	97.85486	31.80438	0.34312	8.57872	39776.05629	0.85235	1.83832E-4	1822.96603	43220.512	48.2764	10465.187
1222.83	0.98063	0.0193651	7.20579	7.33686	-4.59155	20.52966	30.94387	1.57532	0.63479	86.24588	98.04513	32.11491	0.34277	8.66836	41193.18878	0.84232	1.7725E-4	1822.71801	43119.396	 	10482.918
1222.83	0.98063	0.0193651	7.20579	7.33686	-4.59155	20.52966	30.94387	1.57532	0.63479	86.24588	98.04513	32.11491	0.34277	8.66836	41193.18878	0.84232	1.7725E-4	1822.71801	43119.396	 	10482.918
1220.0	0.98284	0.0171635	7.20777	7.33476	-4.61881	20.49268	30.91215	1.57395	0.63534	87.4773	98.30352	32.58698	0.34221	8.779	43180.59002	0.83013	1.68772E-4	1821.86393	42979.378	48.2268	10514.341
1215.0	0.98605	0.0139488	7.21117	7.33118	-4.66543	20.43181	30.85664	1.57151	0.63633	89.38156	98.75115	33.31751	0.34136	8.98016	46809.19116	0.80882	1.55168E-4	1820.31803	42742.736	47.3284	10559.409
1210.0	0.9886	0.0114045	7.21445	7.32771	-4.71051	20.3753	30.80142	1.56903	0.63734	91.01331	99.18983	33.94401	0.34064	9.1868	50619.44059	0.78797	1.43006E-4	1818.74529	42516.868	45.1736	10594.107
1205.0	0.99065	0.00934739	7.21765	7.32433	-4.75445	20.32196	30.74634	1.56654	0.63835	92.44597	99.62179	34.49442	0.34001	9.39884	54651.24258	0.76759	1.32009E-4	1817.14821	42298.871	43.5994	10621.335
1200.0	0.99235	0.00765213	7.22078	7.32102	-4.79752	20.27091	30.69135	1.56404	0.63937	93.72974	100.04856	34.98791	0.33946	9.61626	58940.85194	0.7477	1.21988E-4	1815.53267	42086.801	42.414	10643.036
1195.0	0.99377	0.00623381	7.22387	7.31776	-4.83992	20.22159	30.63643	1.56153	0.6404	94.89878	100.47126	35.43753	0.33896	9.83884	63522.36424	0.7283	1.12806E-4	1813.9101	41879.312	41.4978	10660.553
1190.0	0.99497	0.00503232	7.22692	7.31454	-4.88176	20.17366	30.58157	1.559	0.64144	95.97857	100.89069	35.853	0.3385	10.06665	68430.51544	0.7094	1.04358E-4	1812.28085	41675.443	40.7738	10674.845
1185.0	0.996	0.004001	7.22995	7.31136	-4.92311	20.12689	30.52659	1.55647	0.64248	96.98736	101.3075	36.24131	0.33808	10.30026	73700.67385	0.69094	9.65645E-5	1810.64175	41474.493	40.19	10686.611
1180.0	0.99689	0.00310877	7.23295	7.30821	-4.96406	20.08099	30.47177	1.55393	0.64353	97.93905	101.72197	36.60779	0.33768	10.53956	79369.92708	0.67294	8.93596E-5	1808.99985	41275.939	39.7108	10696.372
1175.0	0.99767	0.00232864	7.23592	7.30509	-5.00468	20.03581	30.41703	1.55137	0.64459	98.84341	102.13439	36.95617	0.33731	10.7838	85477.04404	0.65543	8.26896E-5	1807.36485	41079.382	39.3114	10704.525
1170.0	0.99836	0.0016409	7.23888	7.30199	-5.04496	19.99133	30.36235	1.54879	0.64566	99.70863	102.54508	37.28959	0.33695	11.03441	92064.3493	0.63834	7.6508E-5	1805.72408	40884.515	38.9734	10711.375
1165.0	0.99897	0.00103208	7.24182	7.29891	-5.08497	19.94734	30.30777	1.54621	0.64674	100.54191	102.95423	37.61081	0.33661	11.28996	99178.03807	0.62173	7.07743E-5	1804.10125	40691.095	38.684	10717.163
1160.0	0.99951	4.87638E-4	7.24475	7.29586	-5.12471	19.90385	30.2533	1.54361	0.64783	101.34761	103.36193	37.92151	0.33628	11.55227	106866.985	0.6055	6.54538E-5	1802.4721	40498.93	38.433	10722.079
1155.0	1.0	0.0	7.24766	7.29282	-5.16422	19.86077	30.19888	1.54099	0.64893	102.13009	103.76832	38.22335	0.33596	 	115185.3198	 	6.0515E-5	 	40307.867	38.2126	10726.275
1150.0	1.0	0.0	7.25001	7.29046	-5.19493	19.84661	30.14239	1.53848	0.64999	102.65119	104.16682	38.42431	0.33576	 	123960.0509	 	5.60345E-5	 	40095.62	42.4494	 
1145.0	1.0	0.0	7.25236	7.2881	-5.22561	19.83247	30.08591	1.53595	0.65106	103.17261	104.56465	38.62545	0.33555	 	133474.4038	 	5.18574E-5	 	39912.552	36.6136	 
1140.0	1.0	0.0	7.2547	7.28574	-5.25624	19.81833	30.02942	1.53341	0.65214	103.69431	104.96178	38.82676	0.33535	 	143796.5151	 	4.79652E-5	 	39729.686	36.5732	 
1135.0	1.0	0.0	7.25704	7.28339	-5.28683	19.80422	29.97293	1.53087	0.65322	104.2163	105.35821	39.02824	0.33514	 	155001.3191	 	4.43405E-5	 	39547.033	36.5306	 
1130.0	1.0	0.0	7.25939	7.28104	-5.31738	19.79011	29.91644	1.52831	0.65432	104.73854	105.7539	39.22987	0.33493	 	167171.2765	 	4.09665E-5	 	39364.601	36.4864	 
1125.0	1.0	0.0	7.26173	7.2787	-5.34789	19.77603	29.85995	1.52575	0.65542	105.26103	106.14886	39.43166	0.33473	 	180397.187	 	3.78278E-5	 	39182.394	36.4414	 
1120.0	1.0	0.0	7.26406	7.27635	-5.37835	19.76195	29.80346	1.52317	0.65652	105.78375	106.54307	39.6336	0.33452	 	194779.0957	 	3.49094E-5	 	39000.411	36.3966	 
1115.0	1.0	0.0	7.2664	7.27401	-5.40878	19.74789	29.74697	1.52059	0.65764	106.30667	106.93651	39.83567	0.33431	 	210427.3051	 	3.21974E-5	 	38818.65	36.3522	 
1110.0	1.0	0.0	7.26873	7.27168	-5.43916	19.73385	29.69048	1.51799	0.65876	106.82979	107.32917	40.03789	0.33411	 	227463.5045	 	2.96787E-5	 	38637.11	36.308	 
1105.0	1.0	0.0	7.27107	7.26934	-5.4695	19.71982	29.63399	1.51539	0.6599	107.35309	107.72105	40.24023	0.3339	 	246022.0334	 	2.73407E-5	 	38455.79	36.264	 
1100.0	1.0	0.0	7.2734	7.26701	-5.4998	19.70581	29.5775	1.51277	0.66104	107.87656	108.11211	40.44269	0.3337	 	266251.2938	 	2.51717E-5	 	38274.688	36.2204	 
1095.0	1.0	0.0	7.27573	7.26469	-5.53005	19.69181	29.52101	1.51015	0.66219	108.40017	108.50236	40.64528	0.33349	 	288315.3313	 	2.31608E-5	 	38093.802	36.1772	 
1090.0	1.0	0.0	7.27806	7.26236	-5.56027	19.67783	29.46452	1.50752	0.66334	108.92391	108.89178	40.84797	0.33328	 	312395.606	 	2.12973E-5	 	37913.132	36.134	 
1085.0	1.0	0.0	7.28038	7.26004	-5.59044	19.66386	29.40803	1.50487	0.66451	109.44777	109.28036	41.05078	0.33308	 	338692.9775	 	1.95717E-5	 	37732.675	36.0914	 
1080.0	1.0	0.0	7.28271	7.25773	-5.62057	19.6499	29.35154	1.50222	0.66568	109.97174	109.66809	41.25368	0.33287	 	367429.9311	 	1.79746E-5	 	37552.43	36.049	 
1075.0	1.0	0.0	7.28503	7.25541	-5.65067	19.63596	29.29505	1.49955	0.66687	110.49579	110.05495	41.45668	0.33267	 	398853.0776	 	1.64973E-5	 	37372.395	36.007	 
1070.0	1.0	0.0	7.28735	7.2531	-5.68071	19.62204	29.23856	1.49688	0.66806	111.01991	110.44093	41.65976	0.33246	 	433235.9604	 	1.51317E-5	 	37192.568	35.9654	 
1065.0	1.0	0.0	7.28967	7.25079	-5.71072	19.60813	29.18207	1.49419	0.66926	111.54408	110.82603	41.86294	0.33225	 	470882.2123	 	1.38701E-5	 	37012.948	35.924	 
1060.0	1.0	0.0	7.29199	7.24849	-5.74069	19.59423	29.12558	1.4915	0.67047	112.0683	111.21022	42.06619	0.33205	 	512129.1064	 	1.27053E-5	 	36833.534	35.8828	 
1055.0	1.0	0.0	7.2943	7.24619	-5.77062	19.58035	29.06909	1.48879	0.67169	112.59255	111.5935	42.26951	0.33184	 	557351.5549	 	1.16307E-5	 	36654.322	35.8424	 
1050.0	1.0	0.0	7.29662	7.24389	-5.8005	19.56649	29.0126	1.48607	0.67291	113.11681	111.97586	42.4729	0.33164	 	606966.614	 	1.06397E-5	 	36475.312	35.802	 
1045.0	1.0	0.0	7.29893	7.24159	-5.83035	19.55263	28.95611	1.48335	0.67415	113.64107	112.35729	42.67635	0.33143	 	661438.565	 	9.72662E-6	 	36296.501	35.7622	 
1040.0	1.0	0.0	7.30124	7.2393	-5.86015	19.5388	28.89963	1.48061	0.6754	114.16531	112.73778	42.87986	0.33122	 	721284.6487	 	8.88576E-6	 	36117.888	35.7226	 
1035.0	1.0	0.0	7.30355	7.23701	-5.88991	19.52498	28.84314	1.47786	0.67666	114.68953	113.11731	43.08342	0.33102	 	787081.5418	 	8.11194E-6	 	35939.47	35.6836	 
1030.0	1.0	0.0	7.30586	7.23473	-5.91963	19.51117	28.78666	1.4751	0.67792	115.2137	113.49587	43.28703	0.33081	 	859472.6789	 	7.4003E-6	 	35761.245	35.645	 
1025.0	1.0	0.0	7.30816	7.23245	-5.94931	19.49738	28.73018	1.47233	0.6792	115.73781	113.87346	43.49068	0.3306	 	939176.5352	 	6.74628E-6	 	35583.212	35.6066	 
1020.0	1.0	0.0	7.31047	7.23017	-5.97896	19.4836	28.67369	1.46955	0.68048	116.26185	114.25007	43.69437	0.3304	 	1026996.006	 	6.14564E-6	 	35405.368	35.5688	 
1015.0	1.0	0.0	7.31277	7.22789	-6.00855	19.46984	28.61722	1.46675	0.68178	116.7858	114.62568	43.89808	0.33019	 	1123829.036	 	5.59439E-6	 	35227.711	35.5314	 
1010.0	1.0	0.0	7.31507	7.22562	-6.03811	19.45609	28.56074	1.46395	0.68308	117.30965	115.00029	44.10182	0.32999	 	1230680.673	 	5.08884E-6	 	35050.238	35.4946	 
1005.0	1.0	0.0	7.31737	7.22335	-6.06763	19.44236	28.50426	1.46113	0.6844	117.83339	115.37388	44.30558	0.32978	 	1348676.755	 	4.62552E-6	 	34872.948	35.458	 
1000.0	1.0	0.0	7.31967	7.22108	-6.09711	19.42864	28.44779	1.45831	0.68573	118.35701	115.74645	44.50936	0.32957	 	1479079.455	 	4.20121E-6	 	34695.838	35.422	 
995.0	1.0	0.0	7.32196	7.21882	-6.12655	19.41494	28.39132	1.45547	0.68706	118.88048	116.11798	44.71315	0.32937	 	1623304.967	 	3.81292E-6	 	34518.905	35.3866	 
990.0	1.0	0.0	7.32425	7.21656	-6.15595	19.40125	28.33486	1.45262	0.68841	119.4038	116.48847	44.91694	0.32916	 	1782943.623	 	3.45783E-6	 	34342.147	35.3516	 
985.0	1.0	0.0	7.32655	7.2143	-6.1853	19.38757	28.2784	1.44976	0.68977	119.92695	116.85791	45.12073	0.32896	 	1959782.824	 	3.13337E-6	 	34165.561	35.3172	 
980.0	1.0	0.0	7.32884	7.21204	-6.21462	19.37392	28.22194	1.44688	0.69114	120.44992	117.22629	45.32452	0.32875	 	2155833.178	 	2.8371E-6	 	33989.145	35.2832	 
975.0	1.0	0.0	7.33112	7.20979	-6.2439	19.36027	28.16549	1.444	0.69252	120.9727	117.5936	45.5283	0.32854	 	2373358.329	 	2.56679E-6	 	33812.895	35.25	 
970.0	1.0	0.0	7.33341	7.20754	-6.27313	19.34664	28.10904	1.4411	0.69391	121.49527	117.95983	45.73206	0.32834	 	2614909.038	 	2.32035E-6	 	33636.81	35.217	 
965.0	1.0	0.0	7.3357	7.2053	-6.30233	19.33303	28.0526	1.4382	0.69532	122.01763	118.32497	45.9358	0.32813	 	2883362.147	 	2.09585E-6	 	33460.885	35.185	 
960.0	1.0	0.0	7.33798	7.20306	-6.33149	19.31943	27.99617	1.43527	0.69673	122.53975	118.68902	46.13952	0.32793	 	3181965.175	 	1.8915E-6	 	33285.118	35.1534	 
955.0	1.0	0.0	7.34026	7.20082	-6.3606	19.30584	27.93974	1.43234	0.69816	123.06162	119.05196	46.34321	0.32772	 	3514387.404	 	1.70564E-6	 	33109.505	35.1226	 
950.0	1.0	0.0	7.34254	7.19858	-6.38968	19.29227	27.88332	1.4294	0.6996	123.58324	119.4138	46.54687	0.32751	 	3884778.461	 	1.53674E-6	 	32934.044	35.0922	 
945.0	1.0	0.0	7.34482	7.19635	-6.41872	19.27872	27.82691	1.42644	0.70105	124.10458	119.7745	46.75048	0.32731	 	4297835.558	 	1.38337E-6	 	32758.731	35.0626	 
940.0	1.0	0.0	7.3471	7.19412	-6.44771	19.26518	27.77051	1.42347	0.70251	124.62565	120.13408	46.95406	0.3271	 	4758880.752	 	1.24422E-6	 	32583.563	35.0336	 
935.0	1.0	0.0	7.34937	7.19189	-6.47667	19.25165	27.71412	1.42049	0.70398	125.14641	120.49253	47.15758	0.3269	 	5273949.8	 	1.11808E-6	 	32408.535	35.0056	 
930.0	1.0	0.0	7.35164	7.18967	-6.50559	19.23814	27.65774	1.41749	0.70547	125.66687	120.84982	47.36105	0.32669	 	5849894.456	 	1.00383E-6	 	32233.645	34.978	 
925.0	1.0	0.0	7.35392	7.18745	-6.53447	19.22464	27.60137	1.41448	0.70697	126.18701	121.20597	47.56447	0.32648	 	6494500.37	 	9.00435E-7	 	32058.887	34.9516	 
920.0	1.0	0.0	7.35619	7.18523	-6.56331	19.21116	27.54502	1.41146	0.70848	126.70681	121.56095	47.76782	0.32628	 	7216623.1	 	8.06952E-7	 	31884.259	34.9256	 
915.0	1.0	0.0	7.35845	7.18302	-6.59211	19.1977	27.48868	1.40843	0.71001	127.22627	121.91477	47.9711	0.32607	 	8026345.195	 	7.22504E-7	 	31709.755	34.9008	 
910.0	1.0	0.0	7.36072	7.1808	-6.62087	19.18424	27.43235	1.40538	0.71155	127.74537	122.26741	48.17431	0.32587	 	8935157.797	 	6.46285E-7	 	31535.373	34.8764	 
905.0	1.0	0.0	7.36299	7.1786	-6.64959	19.17081	27.37605	1.40232	0.7131	128.2641	122.61886	48.37744	0.32566	 	9956170.83	 	5.77557E-7	 	31361.106	34.8534	 
900.0	1.0	0.0	7.36525	7.17639	-6.67827	19.15738	27.31976	1.39925	0.71467	128.78245	122.96912	48.5805	0.32545	 	1.110435652E7	 	5.1564E-7	 	31186.951	34.831	 
895.0	1.0	0.0	7.36751	7.17419	-6.70691	19.14398	27.26349	1.39616	0.71625	129.3004	123.31819	48.78346	0.32525	 	1.239683186E7	 	4.59912E-7	 	31012.901	34.81	 
890.0	1.0	0.0	7.36977	7.17199	-6.73551	19.13058	27.20723	1.39306	0.71785	129.81794	123.66605	48.98634	0.32504	 	1.385318664E7	 	4.09801E-7	 	30838.954	34.7894	 
885.0	1.0	0.0	7.37203	7.16979	-6.76408	19.11721	27.15101	1.38994	0.71945	130.33507	124.01269	49.18912	0.32484	 	1.549586472E7	 	3.64784E-7	 	30665.102	34.7704	 
880.0	1.0	0.0	7.37428	7.1676	-6.7926	19.10384	27.0948	1.38681	0.72108	130.85176	124.35812	49.3918	0.32463	 	1.735060787E7	 	3.24383E-7	 	30491.34	34.7524	 
875.0	1.0	0.0	7.37654	7.16541	-6.82109	19.09049	27.03862	1.38367	0.72272	131.36802	124.70232	49.59438	0.32442	 	1.944697283E7	 	2.8816E-7	 	30317.663	34.7354	 
870.0	1.0	0.0	7.37879	7.16322	-6.84954	19.07716	26.98246	1.38051	0.72437	131.88381	125.04528	49.79684	0.32422	 	2.181893462E7	 	2.55715E-7	 	30144.064	34.7198	 
865.0	1.0	0.0	7.38104	7.16103	-6.87794	19.06384	26.92633	1.37734	0.72604	132.39914	125.38701	49.9992	0.32401	 	2.450559108E7	 	2.26684E-7	 	29970.537	34.7054	 
860.0	1.0	0.0	7.38329	7.15885	-6.90631	19.05054	26.87023	1.37415	0.72772	132.914	125.72748	50.20143	0.32381	 	2.755198678E7	 	2.00734E-7	 	29797.075	34.6924	 
855.0	1.0	0.0	7.38554	7.15667	-6.93465	19.03725	26.81416	1.37095	0.72942	133.42836	126.06671	50.40355	0.3236	 	3.101007766E7	 	1.77562E-7	 	29623.671	34.6808	 
850.0	1.0	0.0	7.38778	7.1545	-6.96294	19.02397	26.75812	1.36773	0.73114	133.94222	126.40467	50.60554	0.32339	 	3.49398618E7	 	1.56893E-7	 	29450.318	34.6706	 
845.0	1.0	0.0	7.39003	7.15233	-6.99119	19.01071	26.70212	1.3645	0.73287	134.45556	126.74136	50.80739	0.32319	 	3.941070662E7	 	1.38475E-7	 	29277.008	34.662	 
840.0	1.0	0.0	7.39227	7.15016	-7.01941	18.99747	26.64615	1.36125	0.73462	134.96838	127.07677	51.00911	0.32298	 	4.450290856E7	 	1.22082E-7	 	29103.732	34.6552	 
835.0	1.0	0.0	7.39451	7.14799	-7.04758	18.98424	26.59022	1.35798	0.73639	135.48066	127.4109	51.21068	0.32278	 	5.030952841E7	 	1.07507E-7	 	28930.483	34.6498	 
830.0	1.0	0.0	7.39675	7.14583	-7.07572	18.97102	26.53432	1.3547	0.73817	135.99238	127.74374	51.41212	0.32257	 	5.69385537E7	 	9.45616E-8	 	28757.25	34.6466	 
825.0	1.0	0.0	7.39899	7.14367	-7.10382	18.95782	26.47846	1.35141	0.73997	136.50355	128.07529	51.6134	0.32237	 	6.451544982E7	 	8.30777E-8	 	28584.024	34.6452	 
820.0	1.0	0.0	7.40122	7.14151	-7.13188	18.94464	26.42264	1.3481	0.74179	137.01414	128.40553	51.81452	0.32216	 	7.318617378E7	 	7.29017E-8	 	28410.795	34.6458	 
815.0	1.0	0.0	7.40346	7.13935	-7.1599	18.93147	26.36687	1.34477	0.74362	137.52414	128.73447	52.01549	0.32195	 	8.312073936E7	 	6.38949E-8	 	28237.552	34.6486	 
810.0	1.0	0.0	7.40569	7.1372	-7.18789	18.91831	26.31113	1.34143	0.74548	138.03354	129.06209	52.21629	0.32175	 	9.451744011E7	 	5.59324E-8	 	28064.283	34.6538	 
805.0	1.0	0.0	7.40792	7.13505	-7.21584	18.90517	26.25544	1.33807	0.74735	138.54234	129.38838	52.41692	0.32154	 	1.076078587E8	 	4.89015E-8	 	27890.976	34.6614	 
800.0	1.0	0.0	7.41015	7.13291	-7.24374	18.89204	26.19979	1.33469	0.74924	139.05051	129.71335	52.61739	0.32134	 	1.226628176E8	 	4.27006E-8	 	27717.618	34.6716	 
795.0	1.0	0.0	7.41238	7.13076	-7.27161	18.87893	26.14419	1.3313	0.75115	139.55805	130.03698	52.81767	0.32113	 	1.399994569E8	 	3.72385E-8	 	27544.195	34.6846	 
790.0	1.0	0.0	7.4146	7.12862	-7.29945	18.86583	26.08864	1.32789	0.75308	140.06494	130.35927	53.01777	0.32092	 	1.599896671E8	 	3.24332E-8	 	27370.692	34.7006	 
785.0	1.0	0.0	7.41683	7.12648	-7.32724	18.85275	26.03313	1.32446	0.75503	140.57117	130.68022	53.21768	0.32072	 	1.830701479E8	 	2.82109E-8	 	27197.092	34.72	 
780.0	1.0	0.0	7.41905	7.12435	-7.355	18.83968	25.97766	1.32102	0.75699	141.07674	130.99981	53.41741	0.32051	 	2.097544279E8	 	2.45056E-8	 	27023.38	34.7424	 
775.0	1.0	0.0	7.42127	7.12222	-7.38272	18.82663	25.92225	1.31755	0.75898	141.58163	131.31805	53.61694	0.32031	 	2.406472447E8	 	2.12583E-8	 	26849.535	34.769	 
770.0	1.0	0.0	7.42349	7.12009	-7.4104	18.81359	25.86688	1.31408	0.76099	142.08583	131.63491	53.81627	0.3201	 	2.764617799E8	 	1.84161E-8	 	26675.539	34.7992	 
765.0	1.0	0.0	7.4257	7.11796	-7.43804	18.80057	25.81156	1.31058	0.76302	142.58933	131.95041	54.01539	0.3199	 	3.180403431E8	 	1.59318E-8	 	26501.371	34.8336	 
760.0	1.0	0.0	7.42792	7.11584	-7.46565	18.78756	25.75628	1.30707	0.76507	143.09211	132.26454	54.21431	0.31969	 	3.66379237E8	 	1.37632E-8	 	26327.006	34.873	 
755.0	1.0	0.0	7.43013	7.11372	-7.49322	18.77457	25.70105	1.30354	0.76714	143.59417	132.57728	54.41301	0.31948	 	4.226586943E8	 	1.18728E-8	 	26152.419	34.9174	 
750.0	1.0	0.0	7.43234	7.1116	-7.52075	18.76159	25.64586	1.29999	0.76924	144.09549	132.88863	54.6115	0.31928	 	4.882789803E8	 	1.02272E-8	 	25977.585	34.9668	 
745.0	1.0	0.0	7.43456	7.10949	-7.54824	18.74863	25.59072	1.29642	0.77135	144.59606	133.19859	54.80977	0.31907	 	5.649039998E8	 	8.79678E-9	 	25802.473	35.0224	 
740.0	1.0	0.0	7.43676	7.10738	-7.5757	18.73568	25.53562	1.29284	0.77349	145.09588	133.50715	55.0078	0.31887	 	6.545140573E8	 	7.55512E-9	 	25627.052	35.0842	 
735.0	1.0	0.0	7.43897	7.10527	-7.60312	18.72274	25.48056	1.28924	0.77565	145.59493	133.81431	55.20561	0.31866	 	7.594697965E8	 	6.4789E-9	 	25451.286	35.1532	 
730.0	1.0	0.0	7.44118	7.10316	-7.6305	18.70982	25.42554	1.28562	0.77783	146.09319	134.12006	55.40319	0.31845	 	8.82589822E8	 	5.54745E-9	 	25275.137	35.2298	 
725.0	1.0	0.0	7.44338	7.10106	-7.65784	18.69692	25.37055	1.28199	0.78004	146.59067	134.4244	55.60053	0.31825	 	1.027245089E9	 	4.74251E-9	 	25098.564	35.3146	 
720.0	1.0	0.0	7.44558	7.09896	-7.68515	18.68403	25.3156	1.27833	0.78227	147.08734	134.72731	55.79762	0.31804	 	1.197473889E9	 	4.04795E-9	 	24921.521	35.4086	 
715.0	1.0	0.0	7.44778	7.09686	-7.71242	18.67115	25.26068	1.27466	0.78452	147.5832	135.02881	55.99447	0.31784	 	1.398122168E9	 	3.44957E-9	 	24743.957	35.5128	 
710.0	1.0	0.0	7.44998	7.09477	-7.73965	18.65829	25.20579	1.27098	0.7868	148.07824	135.32887	56.19106	0.31763	 	1.635015067E9	 	2.93484E-9	 	24565.818	35.6278	 
705.0	1.0	0.0	7.45218	7.09268	-7.76685	18.64545	25.15093	1.26727	0.7891	148.57244	135.62749	56.3874	0.31743	 	1.915167024E9	 	2.49279E-9	 	24387.041	35.7554	 
700.0	1.0	0.0	7.45437	7.09059	-7.79401	18.63262	25.09608	1.26355	0.79142	149.0658	135.92468	56.58348	0.31722	 	2.247039557E9	 	2.11376E-9	 	24207.561	35.896	 
695.0	1.0	0.0	7.45656	7.0885	-7.82113	18.6198	25.04126	1.25981	0.79377	149.5583	136.22042	56.7793	0.31701	 	2.640858173E9	 	1.7893E-9	 	24027.301	36.052	 
690.0	1.0	0.0	7.45876	7.08642	-7.84822	18.607	24.98645	1.25605	0.79615	150.04993	136.51472	56.97484	0.31681	 	3.10900268E9	 	1.51203E-9	 	23846.179	36.2244	 
685.0	1.0	0.0	7.46095	7.08434	-7.87527	18.59421	24.93165	1.25228	0.79855	150.54069	136.80756	57.17012	0.3166	 	3.666488849E9	 	1.27547E-9	 	23664.103	36.4152	 
680.0	1.0	0.0	7.46313	7.08226	-7.90228	18.58144	24.87686	1.24849	0.80097	151.03055	137.09894	57.36512	0.3164	 	4.331563954E9	 	1.074E-9	 	23472.569	38.3068	 
675.0	1.0	0.0	7.46532	7.08019	-7.92925	18.56868	24.82207	1.24468	0.80342	151.51952	137.38885	57.55983	0.31619	 	5.126444595E9	 	9.02708E-10	 	23280.482	38.4174	 
670.0	1.0	0.0	7.46751	7.07812	-7.95619	18.55594	24.76728	1.24085	0.8059	152.00758	137.6773	57.75427	0.31599	 	6.078232637E9	 	7.57339E-10	 	23089.689	38.1586	 
665.0	1.0	0.0	7.46969	7.07605	-7.9831	18.54321	24.71248	1.23701	0.8084	152.49471	137.96427	57.94841	0.31578	 	7.220054577E9	 	6.34189E-10	 	22900.147	37.9084	 
660.0	1.0	0.0	7.47187	7.07398	-8.00996	18.5305	24.65767	1.23315	0.81093	152.98092	138.24977	58.14226	0.31557	 	8.592481818E9	 	5.30053E-10	 	22711.817	37.666	 
655.0	1.0	0.0	7.47405	7.07192	-8.03679	18.5178	24.60284	1.22928	0.81348	153.46618	138.53378	58.33581	0.31537	 	1.02453E10	 	4.42161E-10	 	22524.66	37.4314	 
650.0	1.0	0.0	7.47623	7.06986	-8.06359	18.50512	24.54799	1.22539	0.81607	153.9505	138.81631	58.52906	0.31516	 	1.2239799999999998E10	 	3.68117E-10	 	22338.641	37.2038	 
645.0	1.0	0.0	7.47841	7.0678	-8.09034	18.49245	24.49312	1.22148	0.81868	154.43385	139.09735	58.72201	0.31496	 	1.4651299999999998E10	 	3.05861E-10	 	22153.724	36.9834	 
640.0	1.0	0.0	7.48058	7.06575	-8.11706	18.4798	24.43821	1.21756	0.82131	154.91623	139.37689	58.91465	0.31475	 	1.75731E10	 	2.53618E-10	 	21969.878	36.7692	 
635.0	1.0	0.0	7.48275	7.0637	-8.14375	18.46716	24.38326	1.21362	0.82398	155.39762	139.65493	59.10697	0.31455	 	2.11205E10	 	2.09865E-10	 	21787.072	36.5612	 
630.0	1.0	0.0	7.48493	7.06165	-8.1704	18.45454	24.32827	1.20967	0.82667	155.87803	139.93147	59.29897	0.31434	 	2.5436499999999996E10	 	1.73296E-10	 	21605.276	36.3592	 
625.0	1.0	0.0	7.4871	7.0596	-8.19701	18.44193	24.27323	1.2057	0.82939	156.35742	140.20649	59.49065	0.31413	 	3.0699099999999996E10	 	1.42794E-10	 	21424.462	36.1628	 
620.0	1.0	0.0	7.48926	7.05756	-8.22359	18.42933	24.21814	1.20171	0.83214	156.83581	140.48001	59.68201	0.31393	 	3.71297E10	 	1.17406E-10	 	21244.604	35.9716	 
615.0	1.0	0.0	7.49143	7.05551	-8.25013	18.41675	24.16299	1.19771	0.83492	157.31317	140.75201	59.87304	0.31372	 	4.5005E10	 	9.6319E-11	 	21065.675	35.7858	 
610.0	1.0	0.0	7.49359	7.05348	-8.27663	18.40419	24.10778	1.1937	0.83773	157.7895	141.02249	60.06373	0.31352	 	5.467149999999999E10	 	7.88424E-11	 	20887.653	35.6044	 
605.0	1.0	0.0	7.49576	7.05144	-8.3031	18.39164	24.0525	1.18967	0.84057	158.26478	141.29145	60.25408	0.31331	 	6.656369999999999E10	 	6.43899E-11	 	20710.515	35.4276	 
600.0	1.0	0.0	7.49792	7.04941	-8.32954	18.3791	23.99715	1.18562	0.84344	158.73901	141.55887	60.44409	0.31311	 	8.12283E10	 	5.24648E-11	 	20534.237	35.2556	 
595.0	1.0	0.0	7.50008	7.04738	-8.35594	18.36658	23.94172	1.18156	0.84634	159.21217	141.82477	60.63376	0.3129	 	9.935439999999998E10	 	4.26476E-11	 	20358.8	35.0874	 
590.0	1.0	0.0	7.50224	7.04535	-8.3823	18.35408	23.88621	1.17749	0.84927	159.68426	142.08912	60.82307	0.31269	 	1.21813E11	 	3.45843E-11	 	20184.183	34.9234	 
585.0	1.0	0.0	7.50439	7.04333	-8.40862	18.34159	23.83062	1.1734	0.85223	160.15526	142.35194	61.01204	0.31249	 	1.49709E11	 	2.79771E-11	 	20010.368	34.763	 
580.0	1.0	0.0	7.50655	7.0413	-8.43492	18.32911	23.77494	1.16929	0.85522	160.62517	142.61321	61.20064	0.31228	 	1.84444E11	 	2.2576E-11	 	19837.337	34.6062	 
575.0	1.0	0.0	7.5087	7.03929	-8.46117	18.31665	23.71917	1.16517	0.85824	161.09397	142.87294	61.38888	0.31208	 	2.27806E11	 	1.81717E-11	 	19665.073	34.4528	 
570.0	1.0	0.0	7.51085	7.03727	-8.48739	18.3042	23.66331	1.16104	0.8613	161.56166	143.13111	61.57675	0.31187	 	2.82076E11	 	1.4589E-11	 	19493.558	34.303	 
565.0	1.0	0.0	7.513	7.03526	-8.51358	18.29177	23.60735	1.15689	0.86439	162.02823	143.38773	61.76426	0.31167	 	3.50178E11	 	1.16821E-11	 	19322.777	34.1562	 
560.0	1.0	0.0	7.51515	7.03324	-8.53973	18.27935	23.5513	1.15273	0.86751	162.49366	143.64278	61.95139	0.31146	 	4.35867E11	 	9.32946E-12	 	19152.716	34.0122	 
555.0	1.0	0.0	7.5173	7.03124	-8.56584	18.26695	23.49514	1.14855	0.87067	162.95794	143.89628	62.13814	0.31126	 	5.43977E11	 	7.43045E-12	 	18983.361	33.871	 
550.0	1.0	0.0	7.51944	7.02923	-8.59192	18.25456	23.43889	1.14435	0.87386	163.42107	144.14821	62.32451	0.31105	 	6.80755E11	 	5.90167E-12	 	18814.696	33.733	 
545.0	1.0	0.0	7.52158	7.02723	-8.61797	18.24219	23.38253	1.14014	0.87708	163.88304	144.39857	62.5105	0.31084	 	8.54291E11	 	4.67427E-12	 	18646.71	33.5972	 
540.0	1.0	0.0	7.52373	7.02523	-8.64398	18.22983	23.32607	1.13592	0.88035	164.34383	144.64736	62.69609	0.31064	 	1.0751E12	 	3.69156E-12	 	18479.389	33.4642	 
535.0	1.0	0.0	7.52587	7.02323	-8.66995	18.21749	23.2695	1.13168	0.88364	164.80344	144.89457	62.8813	0.31043	 	1.35687E12	 	2.90696E-12	 	18312.722	33.3334	 
530.0	1.0	0.0	7.528	7.02124	-8.69589	18.20516	23.21283	1.12742	0.88698	165.26186	145.1402	63.0661	0.31023	 	1.71753E12	 	2.28234E-12	 	18146.698	33.2048	 
525.0	1.0	0.0	7.53014	7.01924	-8.7218	18.19285	23.15607	1.12315	0.89035	165.71907	145.38425	63.2505	0.31002	 	2.18054E12	 	1.78651E-12	 	17981.305	33.0786	 
520.0	1.0	0.0	7.53228	7.01725	-8.74767	18.18055	23.09919	1.11886	0.89377	166.17507	145.62671	63.4345	0.30982	 	2.77682E12	 	1.3941E-12	 	17816.533	32.9544	 
515.0	1.0	0.0	7.53441	7.01527	-8.7735	18.16827	23.04222	1.11456	0.89722	166.62985	145.86758	63.61809	0.30961	 	3.54712E12	 	1.08448E-12	 	17652.372	32.8322	 
510.0	1.0	0.0	7.53654	7.01328	-8.7993	18.156	22.98516	1.11024	0.90071	167.08339	146.10686	63.80126	0.30941	 	4.54544E12	 	8.40922E-13	 	17488.811	32.7122	 
505.0	1.0	0.0	7.53867	7.0113	-8.82507	18.14374	22.92799	1.1059	0.90424	167.5357	146.34454	63.98402	0.3092	 	5.84352E12	 	6.49943E-13	 	17325.843	32.5936	 
500.0	1.0	0.0	7.5408	7.00932	-8.8508	18.1315	22.87073	1.10154	0.90782	167.98676	146.58063	64.16636	0.30899	 	7.53699E12	 	5.00671E-13	 	17163.457	32.4772	 
495.0	1.0	0.0	7.54292	7.00735	-8.8765	18.11928	22.81338	1.09717	0.91144	168.43655	146.81511	64.34828	0.30879	 	9.75381E12	 	3.84378E-13	 	17001.646	32.3622	 
490.0	1.0	0.0	7.54505	7.00537	-8.90216	18.10707	22.75594	1.09278	0.9151	168.88508	147.04799	64.52976	0.30858	 	1.26658E13	 	2.94079E-13	 	16840.401	32.249	 
485.0	1.0	0.0	7.54717	7.0034	-8.92779	18.09487	22.69842	1.08837	0.9188	169.33232	147.27926	64.71082	0.30838	 	1.65044E13	 	2.24203E-13	 	16679.714	32.1374	 
480.0	1.0	0.0	7.54929	7.00143	-8.95338	18.08269	22.64082	1.08394	0.92256	169.77828	147.50892	64.89144	0.30817	 	2.15828E13	 	1.70318E-13	 	16519.578	32.0272	 
475.0	1.0	0.0	7.55141	6.99947	-8.97894	18.07053	22.58314	1.0795	0.92636	170.22295	147.73696	65.07162	0.30797	 	2.83262E13	 	1.2891E-13	 	16359.985	31.9186	 
470.0	1.0	0.0	7.55353	6.99751	-9.00447	18.05838	22.52539	1.07503	0.9302	170.6663	147.96339	65.25135	0.30776	 	3.73138E13	 	9.72061E-14	 	16200.929	31.8112	 
465.0	1.0	0.0	7.55565	6.99555	-9.02996	18.04624	22.46756	1.07055	0.9341	171.10835	148.1882	65.43064	0.30756	 	4.93386E13	 	7.30205E-14	 	16042.402	31.7054	 
460.0	1.0	0.0	7.55776	6.99359	-9.05542	18.03412	22.40968	1.06604	0.93805	171.54906	148.41139	65.60948	0.30735	 	6.54895E13	 	5.46396E-14	 	15884.398	31.6008	 
455.0	1.0	0.0	7.55988	6.99163	-9.08084	18.02201	22.35173	1.06152	0.94205	171.98845	148.63296	65.78787	0.30714	 	8.72689E13	 	4.07238E-14	 	15726.91	31.4976	 
450.0	1.0	0.0	7.56199	6.98968	-9.10623	18.00992	22.29373	1.05697	0.9461	172.42649	148.85289	65.96579	0.30694	 	1.16758E14	 	3.02294E-14	 	15569.933	31.3954	 
445.0	1.0	0.0	7.5641	6.98773	-9.13159	17.99785	22.23568	1.0524	0.95021	172.86318	149.0712	66.14326	0.30673	 	1.5685E14	 	2.23469E-14	 	15413.461	31.2944	 
440.0	1.0	0.0	7.56621	6.98578	-9.15691	17.98578	22.17759	1.04781	0.95437	173.29851	149.28788	66.32026	0.30653	 	2.1159E14	 	1.64503E-14	 	15257.489	31.1944	 
435.0	1.0	0.0	7.56831	6.98384	-9.1822	17.97374	22.11945	1.0432	0.95859	173.73247	149.50292	66.49679	0.30632	 	2.86651E14	 	1.20575E-14	 	15102.01	31.0958	 
430.0	1.0	0.0	7.57042	6.9819	-9.20745	17.9617	22.06129	1.03857	0.96286	174.16505	149.71633	66.67286	0.30612	 	3.90033E14	 	8.79901E-15	 	14947.019	30.9982	 
425.0	1.0	0.0	7.57252	6.97996	-9.23267	17.94969	22.00309	1.03391	0.9672	174.59625	149.9281	66.84844	0.30591	 	5.3306099999999994E14	 	6.39232E-15	 	14792.512	30.9014	 
420.0	1.0	0.0	7.57463	6.97802	-9.25786	17.93768	21.94486	1.02923	0.9716	175.02605	150.13823	67.02355	0.30571	 	7.31852E14	 	4.62264E-15	 	14638.483	30.8058	 
415.0	1.0	0.0	7.57673	6.97609	-9.28301	17.92569	21.88662	1.02452	0.97606	175.45445	150.34671	67.19817	0.3055	 	1.00945E15	 	3.32726E-15	 	14484.928	30.711	 
410.0	1.0	0.0	7.57882	6.97415	-9.30813	17.91372	21.82836	1.01979	0.98059	175.88144	150.55355	67.37231	0.30529	 	1.39894E15	 	2.38344E-15	 	14331.842	30.6172	 
405.0	1.0	0.0	7.58092	6.97223	-9.33322	17.90176	21.77009	1.01504	0.98518	176.30701	150.75875	67.54596	0.30509	 	1.94813E15	 	1.699E-15	 	14179.221	30.5242	 
400.0	1.0	0.0	7.58302	6.9703	-9.35827	17.88982	21.71181	1.01026	0.98984	176.73115	150.9623	67.71911	0.30488	 	2.72638E15	 	1.20507E-15	 	14027.061	30.432	 
395.0	1.0	0.0	7.58511	6.96837	-9.38329	17.87789	21.65354	1.00546	0.99457	177.15385	151.16419	67.89177	0.30468	 	3.83487E15	 	8.50374E-16	 	13875.357	30.3408	 
390.0	1.0	0.0	7.5872	6.96645	-9.40828	17.86598	21.59526	1.00062	0.99938	177.57511	151.36444	68.06393	0.30447	 	5.42203E15	 	5.96949E-16	 	13724.105	30.2504	 
385.0	1.0	0.0	7.58929	6.96453	-9.43323	17.85408	21.537	0.99577	1.00425	177.99492	151.56303	68.23559	0.30427	 	7.70673E15	 	4.16813E-16	 	13573.302	30.1606	 
380.0	1.0	0.0	7.59138	6.96262	-9.45816	17.84219	21.47874	0.99088	1.0092	178.41327	151.75997	68.40674	0.30406	 	1.10136E16	 	2.89448E-16	 	13422.944	30.0716	 
375.0	1.0	0.0	7.59347	6.9607	-9.48304	17.83032	21.4205	0.98597	1.01423	178.83015	151.95526	68.57738	0.30386	 	1.58267E16	 	1.99881E-16	 	13273.027	29.9834	 
370.0	1.0	0.0	7.59555	6.95879	-9.5079	17.81847	21.36228	0.98103	1.01934	179.24555	152.14888	68.74751	0.30365	 	2.28725E16	 	1.37242E-16	 	13123.547	29.896	 
365.0	1.0	0.0	7.59764	6.95688	-9.53272	17.80663	21.30407	0.97606	1.02452	179.65947	152.34085	68.91713	0.30345	 	3.3247100000000004E16	 	9.3682E-17	 	12974.502	29.809	 
360.0	1.0	0.0	7.59972	6.95498	-9.55751	17.7948	21.2459	0.97107	1.02979	180.07191	152.53116	69.08623	0.30324	 	4.8615E16	 	6.35657E-17	 	12825.889	29.7226	 
355.0	1.0	0.0	7.6018	6.95307	-9.58226	17.78299	21.18775	0.96604	1.03515	180.48284	152.71981	69.2548	0.30303	 	7.1519600000000008E16	 	4.28672E-17	 	12677.703	29.6372	 
350.0	1.0	0.0	7.60388	6.95117	-9.60699	17.7712	21.12963	0.96099	1.04059	180.89227	152.9068	69.42285	0.30283	 	1.05872E17	 	2.87275E-17	 	12529.942	29.5522	 
345.0	1.0	0.0	7.60596	6.94927	-9.63168	17.75941	21.07154	0.95591	1.04613	181.3002	153.09213	69.59037	0.30262	 	1.57727E17	 	1.91283E-17	 	12382.603	29.4678	 
340.0	1.0	0.0	7.60803	6.94738	-9.65633	17.74765	21.01349	0.95079	1.05175	181.7066	153.27579	69.75737	0.30242	 	2.36517E17	 	1.26529E-17	 	12235.683	29.384	 
335.0	1.0	0.0	7.61011	6.94548	-9.68096	17.7359	20.95547	0.94565	1.05747	182.11148	153.45779	69.92383	0.30221	 	3.57046E17	 	8.31329E-18	 	12089.18	29.3006	 
330.0	1.0	0.0	7.61218	6.94359	-9.70555	17.72416	20.89749	0.94048	1.06329	182.51482	153.63814	70.08975	0.30201	 	5.42702E17	 	5.42439E-18	 	11943.091	29.2178	 
325.0	1.0	0.0	7.61425	6.9417	-9.73011	17.71244	20.83955	0.93528	1.0692	182.91663	153.81682	70.25514	0.3018	 	8.30709E17	 	3.51437E-18	 	11797.413	29.1356	 
320.0	1.0	0.0	7.61632	6.93982	-9.75464	17.70073	20.78165	0.93004	1.07522	183.3169	153.99383	70.41998	0.3016	 	1.28075E18	 	2.26041E-18	 	11652.144	29.0538	 
315.0	1.0	0.0	7.61839	6.93793	-9.77914	17.68904	20.72379	0.92478	1.08134	183.71562	154.16919	70.58429	0.30139	 	1.98923E18	 	1.44308E-18	 	11507.282	28.9724	 
310.0	1.0	0.0	7.62046	6.93605	-9.8036	17.67736	20.66598	0.91948	1.08757	184.11278	154.34288	70.74804	0.30119	 	3.11311E18	 	9.14267E-19	 	11362.824	28.8916	 
305.0	1.0	0.0	7.62252	6.93418	-9.82803	17.6657	20.60821	0.91415	1.09391	184.50839	154.51491	70.91125	0.30098	 	4.90996E18	 	5.74711E-19	 	11218.768	28.8112	 
300.0	1.0	0.0	7.62458	6.9323	-9.85243	17.65405	20.55048	0.90879	1.10036	184.90243	154.68529	71.07391	0.30078	 	7.8059E18	 	3.5837E-19	 	11075.112	28.7312	 
295.0	1.0	0.0	7.62665	6.93043	-9.8768	17.64242	20.49279	0.9034	1.10693	185.29489	154.854	71.23601	0.30057	 	1.25119E19	 	2.2163E-19	 	10931.855	28.6514	 
290.0	1.0	0.0	7.6287	6.92855	-9.90113	17.6308	20.43514	0.89797	1.11362	185.68579	155.02105	71.39757	0.30036	 	2.0224E19	 	1.35908E-19	 	10788.993	28.5724	 
285.0	1.0	0.0	7.63076	6.92668	-9.92543	17.61919	20.37754	0.89252	1.12043	186.0751	155.18645	71.55856	0.30016	 	3.2973E19	 	8.26189E-20	 	10646.527	28.4932	 
280.0	1.0	0.0	7.63282	6.92482	-9.9497	17.6076	20.31998	0.88703	1.12736	186.46283	155.3502	71.719	0.29995	 	5.42369E19	 	4.97776E-20	 	10504.453	28.4148	 
275.0	1.0	0.0	7.63487	6.92295	-9.97394	17.59603	20.26247	0.88151	1.13442	186.84898	155.51229	71.87887	0.29975	 	9.00293E19	 	2.97168E-20	 	10362.771	28.3364	 
270.0	1.0	0.0	7.63693	6.92109	-9.99815	17.58447	20.20499	0.87595	1.14162	187.23353	155.67273	72.03819	0.29954	 	1.50846E20	 	1.75741E-20	 	10221.478	28.2586	 
265.0	1.0	0.0	7.63898	6.91923	-10.02232	17.57293	20.14755	0.87036	1.14895	187.61649	155.83153	72.19694	0.29934	 	2.5518399999999997E20	 	1.02929E-20	 	10080.574	28.1808	 
260.0	1.0	0.0	7.64103	6.91738	-10.04647	17.5614	20.09016	0.86474	1.15642	187.99786	155.98867	72.35512	0.29913	 	4.3597899999999997E20	 	5.96857E-21	 	9940.057	28.1034	 
255.0	1.0	0.0	7.64308	6.91552	-10.07058	17.54988	20.0328	0.85908	1.16404	188.37762	156.14418	72.51274	0.29893	 	7.524709999999999E20	 	3.42574E-21	 	9799.926	28.0262	 
250.0	1.0	0.0	7.64513	6.91367	-10.09466	17.53838	19.97548	0.85339	1.1718	188.75578	156.29805	72.6698	0.29872	 	1.31236E21	 	1.94564E-21	 	9660.179	27.9494	 
245.0	1.0	0.0	7.64717	6.91182	-10.11871	17.5269	19.9182	0.84766	1.17971	189.13235	156.45028	72.82628	0.29852	 	2.31357E21	 	1.0931E-21	 	9520.817	27.8724	 
240.0	1.0	0.0	7.64922	6.90998	-10.14273	17.51543	19.86095	0.8419	1.18779	189.5073	156.60088	72.9822	0.29831	 	4.12399E21	 	6.07314E-22	 	9381.837	27.796	 
235.0	1.0	0.0	7.65126	6.90813	-10.16671	17.50397	19.80373	0.83611	1.19602	189.88066	156.74985	73.13755	0.29811	 	7.43534E21	 	3.33563E-22	 	9243.239	27.7196	 
230.0	1.0	0.0	7.6533	6.90629	-10.19067	17.49253	19.74655	0.83028	1.20441	190.2524	156.8972	73.29233	0.2979	 	1.3563699999999999E22	 	1.81053E-22	 	9105.023	27.6432	 
225.0	1.0	0.0	7.65534	6.90445	-10.21459	17.4811	19.6894	0.82441	1.21298	190.62255	157.04294	73.44654	0.2977	 	2.50439E22	 	9.70834E-23	 	8967.187	27.5672	 
220.0	1.0	0.0	7.65738	6.90261	-10.23848	17.46969	19.63228	0.81851	1.22173	190.99109	157.18706	73.60018	0.29749	 	4.68201E22	 	5.14083E-23	 	8829.732	27.491	 
215.0	1.0	0.0	7.65941	6.90078	-10.26234	17.45829	19.57518	0.81258	1.23065	191.35803	157.32958	73.75325	0.29729	 	8.86615E22	 	2.68723E-23	 	8692.656	27.4152	 
210.0	1.0	0.0	7.66145	6.89894	-10.28617	17.44691	19.51812	0.80661	1.23976	191.72337	157.4705	73.90575	0.29708	 	1.70131E23	 	1.38607E-23	 	8555.96	27.3392	 
205.0	1.0	0.0	7.66348	6.89711	-10.30997	17.43555	19.46108	0.8006	1.24906	192.08711	157.60983	74.05769	0.29687	 	3.3094499999999996E23	 	7.05171E-24	 	8419.644	27.2632	 
200.0	1.0	0.0	7.66551	6.89529	-10.33374	17.42419	19.40406	0.79455	1.25857	192.44925	157.74758	74.20905	0.29667	 	6.52893E23	 	3.53707E-24	 	8283.706	27.1876	 
195.0	1.0	0.0	7.66754	6.89346	-10.35747	17.41286	19.34707	0.78847	1.26827	192.80981	157.88375	74.35986	0.29646	 	1.30688E24	 	1.74838E-24	 	8148.149	27.1114	 
190.0	1.0	0.0	7.66957	6.89164	-10.38118	17.40153	19.2901	0.78236	1.27819	193.16878	158.01835	74.5101	0.29626	 	2.6554700000000003E24	 	8.51268E-25	 	8012.971	27.0356	 
185.0	1.0	0.0	7.6716	6.88982	-10.40486	17.39023	19.23314	0.7762	1.28832	193.52618	158.15139	74.65977	0.29605	 	5.47991E24	 	4.08057E-25	 	7878.173	26.9596	 
180.0	1.0	0.0	7.67362	6.888	-10.4285	17.37893	19.17621	0.77001	1.29868	193.88199	158.28289	74.80889	0.29585	 	1.14909E25	 	1.92476E-25	 	7743.755	26.8836	 
175.0	1.0	0.0	7.67564	6.88618	-10.45211	17.36765	19.1193	0.76378	1.30927	194.23625	158.41285	74.95745	0.29564	 	2.44969E25	 	8.92892E-26	 	7609.719	26.8072	 
170.0	1.0	0.0	7.67767	6.88437	-10.4757	17.35639	19.0624	0.75751	1.32011	194.58895	158.54129	75.10545	0.29544	 	5.3124200000000005E25	 	4.07141E-26	 	7476.065	26.7308	 
165.0	1.0	0.0	7.67969	6.88256	-10.49925	17.34514	19.00551	0.75121	1.33119	194.9401	158.66821	75.25291	0.29523	 	1.1726000000000001E26	 	1.82372E-26	 	7342.793	26.6544	 
160.0	1.0	0.0	7.68171	6.88075	-10.52277	17.33391	18.94864	0.74487	1.34252	195.28971	158.79364	75.39982	0.29503	 	2.6360300000000002E26	 	8.01999E-27	 	7209.906	26.5774	 
155.0	1.0	0.0	7.68372	6.87894	-10.54626	17.32269	18.89178	0.73848	1.35413	195.6378	158.91758	75.54618	0.29482	 	6.0390900000000006E26	 	3.46028E-27	 	7077.404	26.5004	 
150.0	1.0	0.0	7.68574	6.87714	-10.56972	17.31148	18.83494	0.73206	1.366	195.98438	159.04004	75.69201	0.29462	 	1.4109199999999998E27	 	1.46379E-27	 	6945.288	26.4232	 
145.0	1.0	0.0	7.68775	6.87534	-10.59315	17.30029	18.7781	0.7256	1.37817	196.32946	159.16106	75.8373	0.29441	 	3.36397E27	 	6.0669E-28	 	6813.561	26.3454	 
140.0	1.0	0.0	7.68977	6.87354	-10.61655	17.28912	18.72127	0.7191	1.39062	196.67305	159.28063	75.98207	0.29421	 	8.19099E27	 	2.46183E-28	 	6682.224	26.2674	 
135.0	1.0	0.0	7.69178	6.87174	-10.63992	17.27796	18.66446	0.71256	1.40339	197.01519	159.39879	76.12632	0.294	 	2.03842E28	 	9.77268E-29	 	6551.279	26.189	 
130.0	1.0	0.0	7.69379	6.86995	-10.66326	17.26681	18.60764	0.70598	1.41647	197.35587	159.51555	76.27005	0.2938	 	5.18888E28	 	3.7921E-29	 	6420.728	26.1102	 
125.0	1.0	0.0	7.69579	6.86815	-10.68657	17.25568	18.55084	0.69936	1.42988	197.69513	159.63092	76.41328	0.29359	 	1.3522200000000001E29	 	1.43709E-29	 	6290.574	26.0308	 
120.0	1.0	0.0	7.6978	6.86636	-10.70985	17.24457	18.49404	0.6927	1.44363	198.03299	159.74495	76.55601	0.29339	 	3.61082E29	 	5.31421E-30	 	6160.819	25.951	 
115.0	1.0	0.0	7.69981	6.86458	-10.7331	17.23347	18.43725	0.686	1.45774	198.36947	159.85763	76.69826	0.29318	 	9.889060000000001E29	 	1.91572E-30	 	6031.467	25.8704	 
110.0	1.0	0.0	7.70181	6.86279	-10.75632	17.22238	18.38046	0.67925	1.47221	198.7046	159.96901	76.84002	0.29298	 	2.78052E30	 	6.72558E-31	 	5902.52	25.7894	 
105.0	1.0	0.0	7.70381	6.86101	-10.77951	17.21131	18.32367	0.67246	1.48707	199.0384	160.07911	76.98132	0.29277	 	8.03474E30	 	2.2971E-31	 	5773.982	25.7076	 
100.0	1.0	0.0	7.70581	6.85923	-10.80268	17.20025	18.26689	0.66564	1.50232	199.37091	160.18796	77.12216	0.29257	 	2.38874E31	 	7.62432E-32	 	5645.856	25.6252	 
95.0	1.0	0.0	7.70781	6.85745	-10.82581	17.18921	18.2101	0.65876	1.51799	199.70216	160.29558	77.26256	0.29236	 	7.31512E31	 	2.45635E-32	 	5518.148	25.5416	 
90.0	1.0	0.0	7.70981	6.85567	-10.84891	17.17818	18.15332	0.65185	1.5341	200.03219	160.40202	77.40253	0.29216	 	2.3102499999999997E32	 	7.67208E-33	 	5390.86	25.4576	 
85.0	1.0	0.0	7.7118	6.8539	-10.87198	17.16717	18.09654	0.64489	1.55065	200.36103	160.5073	77.54208	0.29195	 	7.53432E32	 	2.3201E-33	 	5263.997	25.3726	 
80.0	1.0	0.0	7.7138	6.85212	-10.89502	17.15617	18.03976	0.63789	1.56767	200.68873	160.61146	77.68124	0.29175	 	2.54078E33	 	6.78389E-34	 	5137.566	25.2862	 
75.0	1.0	0.0	7.71579	6.85035	-10.91803	17.14519	17.98298	0.63084	1.58518	201.01534	160.71455	77.82002	0.29154	 	8.872680000000001E33	 	1.91513E-34	 	5011.57	25.1992	 
70.0	1.0	0.0	7.71778	6.84859	-10.94101	17.13422	17.9262	0.62375	1.6032	201.34089	160.8166	77.95844	0.29133	 	3.21344E34	 	5.21195E-35	 	4886.017	25.1106	 
65.0	1.0	0.0	7.71977	6.84682	-10.96397	17.12327	17.86942	0.61662	1.62175	201.66546	160.91767	78.09651	0.29113	 	1.20897E35	 	1.36515E-35	 	4760.911	25.0212	 
60.0	1.0	0.0	7.72176	6.84506	-10.98689	17.11233	17.81263	0.60944	1.64086	201.98908	161.01779	78.23426	0.29092	 	4.73297E35	 	3.43553E-36	 	4636.261	24.93	 
55.0	1.0	0.0	7.72374	6.8433	-11.00979	17.10141	17.75584	0.60221	1.66055	202.31183	161.11702	78.37172	0.29072	 	1.9315899999999997E36	 	8.29171E-37	 	4512.072	24.8378	 
50.0	1.0	0.0	7.72573	6.84154	-11.03265	17.0905	17.69905	0.59494	1.68085	202.63378	161.21542	78.50891	0.29051	 	8.233759999999999E36	 	1.91555E-37	 	4388.354	24.7436	 
45.0	1.0	0.0	7.72771	6.83978	-11.05549	17.0796	17.64226	0.58762	1.70178	202.95498	161.31304	78.64586	0.29031	 	3.67345E37	 	4.22712E-38	 	4265.113	24.6482	 
40.0	1.0	0.0	7.7297	6.83803	-11.0783	17.06872	17.58546	0.58025	1.72339	203.27553	161.40996	78.78259	0.2901	 	1.71906E38	 	8.89096E-39	 	4142.36	24.5506	 
35.0	1.0	0.0	7.73168	6.83628	-11.10107	17.05786	17.52866	0.57284	1.7457	203.5955	161.50623	78.91915	0.2899	 	8.457789999999999E38	 	1.77825E-39	 	4020.103	24.4514	 
30.0	1.0	0.0	7.73366	6.83453	-11.12382	17.047	17.47185	0.56537	1.76874	203.91498	161.60193	79.05556	0.28969	 	4.38581E39	 	3.37361E-40	 	3898.354	24.3498	 
25.0	1.0	0.0	7.73563	6.83278	-11.14654	 	17.41504	0.55786	1.79255	204.23408	161.69715	79.19186	0.28949	 	2.40335E40	 	6.05486E-41	 	3777.123	 	 
