T (C)	Fraction solid (wt)-TOTAL	Fraction liquid (wt)-LIQUID	Density (g/(cm)^3)-TOTAL	Molar volume (cm^3)-TOTAL	Volume change (%)-  	Average expansion coeff. (10e-6 1/K)-  	Thermal conductivity (W/(m*K))-TOTAL	Electrical resistivity (10e-6 Ohm*m)-TOTAL	Electrical conductivity (10e6 1/(Ohm*m))-TOTAL	Young's modulus (GPa)-TOTAL	Bulk modulus (GPa)-TOTAL	Shear modulus(GPa)-TOTAL	Poisson's ratio-TOTAL	Liquid viscosity (mPa s)-  	Total viscosity (mPa s)-  	Liquid diffusivity (10e-9 (m^2)/s)-  	Total diffusivity (10e-9 (m^2)/s)-  	Surface Tension (mN/m)-  	Enthalpy (J/mole)-TOTAL	Specific heat (J/(mole K))-TOTAL	Latent heat (J/mole)-TOTAL
1500.0	0.0	1.0	6.64602	8.00995	0.0	30.58341	29.74778	1.94227	0.51486	0.0	102.72994	0.0	0.49984	5.95443	5.95443	1.45342	1.45342	1763.10014	56367.053	 	0.0
1495.0	0.0	1.0	6.64991	8.00526	-0.0585804	30.53662	29.67935	1.94125	0.51513	0.0	102.90583	0.0	0.49984	6.00514	6.00514	1.43709	1.43709	1765.00188	56151.509	43.1088	0.0
1490.0	0.0	1.0	6.6538	8.00058	-0.11701	30.48989	29.61092	1.94024	0.5154	0.0	103.08171	0.0	0.49984	6.05657	6.05657	1.42085	1.42085	1766.90057	55936.416	43.0186	0.0
1485.0	0.0	1.0	6.65769	7.99591	-0.1753	30.44323	29.54249	1.93922	0.51567	0.0	103.25759	0.0	0.49984	6.10874	6.10874	1.40472	1.40472	1768.79617	55721.771	42.929	0.0
1480.0	0.0	1.0	6.66157	7.99125	-0.23344	30.39663	29.47407	1.93819	0.51594	0.0	103.43348	0.0	0.49984	6.16167	6.16167	1.3887	1.3887	1770.68866	55507.571	42.84	0.0
1475.0	0.0	1.0	6.66544	7.98661	-0.29143	30.35008	29.40564	1.93716	0.51622	0.0	103.60936	0.0	0.49984	6.21535	6.21535	1.37278	1.37278	1772.578	55293.813	42.7516	0.0
1470.0	0.0	1.0	6.66931	7.98197	-0.34928	30.3036	29.33721	1.93613	0.5165	0.0	103.78524	0.0	0.49984	6.26982	6.26982	1.35696	1.35696	1774.46415	55080.495	42.6636	0.0
1465.0	0.0	1.0	6.67318	7.97735	-0.40698	30.25719	29.26879	1.93509	0.51677	0.0	103.96112	0.0	0.49984	6.32508	6.32508	1.34124	1.34124	1776.34709	54867.613	42.5764	0.0
1460.0	0.0	1.0	6.67703	7.97274	-0.46453	30.21084	29.20036	1.93404	0.51705	0.0	104.13701	0.0	0.49984	6.38115	6.38115	1.32563	1.32563	1778.22678	54655.166	42.4894	0.0
1455.0	0.0	1.0	6.68089	7.96814	-0.52193	30.16455	29.13193	1.93299	0.51733	0.0	104.31289	0.0	0.49984	6.43805	6.43805	1.31013	1.31013	1780.10318	54443.149	42.4034	0.0
1450.0	0.0	1.0	6.68473	7.96356	-0.57919	30.11833	29.06351	1.93194	0.51762	0.0	104.48877	0.0	0.49984	6.49579	6.49579	1.29473	1.29473	1781.97626	54231.593	42.3112	0.0
1445.0	0.0	1.0	6.68858	7.95898	-0.6363	30.07218	28.99508	1.93088	0.5179	0.0	104.66466	0.0	0.49984	6.55439	6.55439	1.27943	1.27943	1783.84598	54020.552	42.2082	0.0
1440.0	0.0	1.0	6.69241	7.95442	-0.69326	30.02609	28.92665	1.92981	0.51819	0.0	104.84054	0.0	0.49984	6.61386	6.61386	1.26423	1.26423	1785.71231	53810.015	42.1074	0.0
1435.0	0.0	1.0	6.69624	7.94987	-0.75008	29.98007	28.85823	1.92874	0.51847	0.0	105.01642	0.0	0.49984	6.67422	6.67422	1.24914	1.24914	1787.57521	53599.98	42.007	0.0
1430.0	0.0	1.0	6.70007	7.94533	-0.80675	29.93412	28.7898	1.92767	0.51876	0.0	105.1923	0.0	0.49984	6.7355	6.7355	1.23416	1.23416	1789.43464	53390.443	41.9074	0.0
1425.0	0.0	1.0	6.70389	7.9408	-0.86327	29.88823	28.72137	1.92659	0.51905	0.0	105.36819	0.0	0.49984	6.7977	6.7977	1.21927	1.21927	1791.29056	53181.4	41.8086	0.0
1420.0	0.0	1.0	6.7077	7.93629	-0.91965	29.84242	28.65295	1.9255	0.51935	0.0	105.54407	0.0	0.49984	6.86085	6.86085	1.20449	1.20449	1793.14294	52972.849	41.7102	0.0
1415.0	0.0	1.0	6.71151	7.93178	-0.97588	29.79668	28.58452	1.92441	0.51964	0.0	105.71995	0.0	0.49984	6.92497	6.92497	1.18982	1.18982	1794.99174	52764.787	41.6124	0.0
1410.0	0.0	1.0	6.71532	7.92729	-1.03196	29.75101	28.51609	1.92332	0.51994	0.0	105.89584	0.0	0.49984	6.99007	6.99007	1.17524	1.17524	1796.83691	52557.206	41.5162	0.0
1405.0	0.0	1.0	6.71911	7.92281	-1.08789	29.70541	28.44766	1.92221	0.52023	0.0	106.07172	0.0	0.49984	7.05618	7.05618	1.16077	1.16077	1798.67843	52350.102	41.4208	0.0
1400.0	0.0	1.0	6.72291	7.91834	-1.14368	29.65988	28.37924	1.92111	0.52053	0.0	106.2476	0.0	0.49984	7.12332	7.12332	1.14641	1.14641	1800.51624	52143.47	41.3264	0.0
1395.0	0.0	1.0	6.72669	7.91388	-1.19932	29.61443	28.31081	1.92	0.52083	0.0	106.42348	0.0	0.49984	7.1915	7.1915	1.13215	1.13215	1802.35032	51937.308	41.2324	0.0
1390.0	0.0	1.0	6.73047	7.90944	-1.25482	29.56905	28.24238	1.91888	0.52114	0.0	106.59937	0.0	0.49984	7.26075	7.26075	1.11799	1.11799	1804.1806	51731.612	41.1392	0.0
1385.0	0.0	1.0	6.73425	7.90501	-1.31016	29.52375	28.17396	1.91776	0.52144	0.0	106.77525	0.0	0.49984	7.33109	7.33109	1.10393	1.10393	1806.00707	51526.38	41.0464	0.0
1383.04	0.0	1.0	6.73572	7.90327	-1.33178	29.50605	28.14719	1.91732	0.52156	0.0	106.84406	0.0	0.49984	7.35891	7.35891	1.09846	1.09846	1806.72062	51446.219	40.9771	0.0
1380.0	0.0650202	0.93498	6.74912	7.88748	-1.52891	29.02175	28.38153	1.89799	0.52687	0.00100257	104.52837	3.36406E-4	0.49012	7.38474	8.15442	1.09261	0.98948	1806.26756	50755.99	226.769	565.615
1375.0	0.15971	0.84029	6.76894	7.86447	-1.81626	28.32371	28.72628	1.86954	0.53489	0.0371625	101.19791	0.0125899	0.47589	7.42925	13.36641	1.08278	0.60182	1805.54542	49729.114	205.375	1388.177
1370.0	0.24052	0.75948	6.78643	7.84416	-2.0698	27.7156	29.02195	1.84488	0.54204	0.19442	98.40678	0.0664155	0.46363	7.47463	33.01442	1.07294	0.24292	1804.85787	48824.536	180.916	2088.898
1365.0	0.31003	0.68997	6.80186	7.82633	-2.2924	27.19037	29.27752	1.82321	0.54848	0.54501	96.06062	0.18754	0.45301	7.52182	77.42388	1.06296	0.10327	1804.1983	48019.869	160.933	2690.161
1360.0	0.37023	0.62977	6.81568	7.81048	-2.49029	26.73123	29.49949	1.80397	0.55433	1.12445	94.08344	0.38942	0.44375	7.57018	153.82206	1.05295	0.0518196	1803.56583	47297.544	144.465	3209.532
1355.0	0.42271	0.57729	6.82804	7.79636	-2.66649	26.33035	29.69273	1.78674	0.55968	1.93663	92.41447	0.67449	0.43563	7.62034	266.37514	1.04281	0.0298323	1802.95644	46643.641	130.781	3660.927
1354.14	0.4309	0.5691	6.83003	7.7941	-2.69481	26.26671	29.7226	1.78401	0.56054	2.09595	92.15995	0.73062	0.43435	7.62895	289.16328	1.04109	0.0274669	1802.85442	46538.578	 	3731.292
1350.0	0.47663	0.52337	6.84077	7.78187	-2.84741	25.91297	29.8226	1.7735	0.56386	2.98243	91.27888	1.04457	0.42759	7.66853	494.49547	1.03308	0.0160208	1801.84546	45913.361	146.056	4189.144
1345.0	0.52479	0.47521	6.85246	7.76862	-3.01289	25.5367	29.92315	1.76209	0.56751	4.28185	90.41894	1.50727	0.4204	7.71811	827.58452	1.02328	0.00954318	1800.67477	45231.427	136.387	4669.457
1340.0	0.56634	0.43366	6.86298	7.75671	-3.16154	25.20598	30.00339	1.75195	0.57079	5.80803	89.74267	2.05354	0.41415	7.76919	1252.40677	1.01341	0.0062866	1799.54973	44617.651	122.755	5082.053
1335.0	0.60247	0.39753	6.87249	7.74594	-3.29604	24.91364	30.06708	1.74282	0.57378	7.53117	89.21415	2.67316	0.40866	7.82205	1766.94716	1.00344	0.00444211	1798.46588	44059.985	111.533	5438.975
1330.0	0.63408	0.36592	6.88117	7.73616	-3.41807	24.65521	30.11691	1.73453	0.57653	9.4161	88.808	3.35373	0.40382	7.87671	2369.10488	0.99338	0.00330276	1797.41762	43548.925	102.212	5749.725
1325.0	0.66191	0.33809	6.88914	7.72724	-3.52948	24.42571	30.15501	1.72693	0.57906	11.4261	88.50391	4.08213	0.39953	7.93318	3057.16551	0.98323	0.00255144	1796.40096	43076.903	94.4044	6021.869
1320.0	0.68655	0.31345	6.89652	7.71896	-3.63281	24.21805	30.18285	1.71994	0.58141	13.5259	88.28394	4.84561	0.39569	7.9914	3829.97609	0.97302	0.00203024	1795.41598	42637.829	87.8148	6261.495
1316.08	0.70408	0.29592	6.90201	7.71282	-3.70948	24.06677	30.19917	1.71479	0.58316	15.22716	88.15889	5.46586	0.39293	8.03804	4498.35301	0.96499	0.00172433	1794.66165	42313.064	 	6430.344
1315.0	0.73479	0.26521	6.91117	7.7026	-3.83715	23.71245	30.35051	1.70507	0.58648	18.58715	87.62785	6.69493	0.38815	8.05244	5497.42572	0.96261	0.00141	1792.81713	41886.335	150.299	6813.968
1311.91	0.80107	0.19893	6.93152	7.68004	-4.11871	22.94137	30.67344	1.68384	0.59388	27.95463	86.56475	10.14497	0.37776	8.09349	8327.13115	0.95587	9.29047E-4	1788.16999	40946.039	 	7631.578
1310.0	0.83696	0.16304	6.94333	7.66699	-4.28165	22.49564	30.84662	1.67237	0.59795	34.39956	85.9978	12.53545	0.37209	8.12572	10302.12973	0.95093	7.50035E-4	1785.53887	40432.271	290.813	8069.434
1307.64	0.86955	0.13045	6.95443	7.6548	-4.4339	22.08781	30.99719	1.66177	0.60177	41.16933	85.53775	15.05939	0.3669	8.16521	12500.61168	0.94492	6.17205E-4	1782.61439	39944.65	 	8463.478
1307.64	0.86955	0.13045	6.95443	7.65479	-4.43392	22.08775	30.99718	1.66177	0.60177	41.16966	85.53784	15.05951	0.3669	8.16522	12500.74575	0.94492	6.17199E-4	1782.61454	39944.642	 	8463.485
1305.0	0.8963	0.1037	6.96392	7.64443	-4.56335	21.75063	31.11185	1.65288	0.60501	47.42441	85.2225	17.4022	0.3626	8.21124	14703.01798	0.93805	5.23876E-4	1779.95345	39524.726	181.509	8778.805
1300.0	0.92944	0.0705618	6.97663	7.63061	-4.73589	21.32379	31.23404	1.64119	0.60931	56.1615	84.98617	20.69049	0.35718	8.29652	18258.09673	0.92547	4.20534E-4	1775.71065	38940.923	116.761	9164.853
1295.0	0.94931	0.0506887	6.98535	7.62119	-4.85342	21.05751	31.28495	1.63331	0.61225	62.0495	85.01325	22.91607	0.35384	8.38131	21245.64435	0.91319	3.6025E-4	1772.11723	38520.293	84.126	9388.146
1294.15	0.95172	0.0482824	6.98654	7.61992	-4.86932	21.02418	31.28829	1.63226	0.61265	62.80949	85.03781	23.20384	0.35343	8.39577	21702.7706	0.91113	3.52472E-4	1771.53747	38457.495	 	9417.551
1290.0	0.96577	0.0342255	6.99282	7.61318	-4.95351	20.84133	31.3184	1.62637	0.61487	67.30889	85.12308	24.91037	0.35102	8.47166	24304.16347	0.90057	3.13911E-4	1767.70701	38129.256	78.2074	9582.26
1285.0	0.97649	0.023507	6.9987	7.60691	-5.03178	20.68895	31.31987	1.62109	0.61687	71.05838	85.34665	26.33528	0.34911	8.56864	27102.48561	0.88753	2.80599E-4	1763.84678	37806.798	64.4916	9708.208
1280.0	0.98346	0.0165353	7.00359	7.60173	-5.09634	20.57668	31.30096	1.61686	0.61848	73.74362	85.64105	27.35712	0.3478	8.67059	29740.90875	0.87428	2.54886E-4	1760.57246	37533.567	54.6462	9785.34
1275.0	0.98832	0.0116762	7.00791	7.59718	-5.15322	20.4868	31.26986	1.61326	0.61986	75.80594	85.97459	28.1426	0.34682	8.7773	32349.5338	0.86087	2.33578E-4	1757.75331	37287.448	49.2238	9835.768
1270.0	0.99189	0.00810661	7.01191	7.59299	-5.20549	20.41018	31.23107	1.61005	0.6211	77.48046	86.33208	28.78074	0.34605	8.88792	35006.51218	0.84741	2.15152E-4	1755.3033	37056.674	46.1548	9871.257
1265.0	0.99463	0.0053724	7.01569	7.58904	-5.2548	20.34199	31.18725	1.60709	0.62224	78.8991	86.70474	29.32161	0.34541	9.00244	37760.82022	0.83392	1.98813E-4	1753.15604	36837.104	43.914	9895.946
1260.0	0.99679	0.0032112	7.01933	7.58525	-5.30209	20.27942	31.13992	1.6043	0.62333	80.14072	87.0879	29.79514	0.34486	9.12071	40649.08932	0.82043	1.84086E-4	1751.26751	36623.636	42.6936	9914.934
1255.0	0.99854	0.00145973	7.02286	7.58158	-5.34794	20.22079	31.09013	1.60163	0.62437	81.25513	87.47857	30.22028	0.34438	9.24253	43700.36193	0.80698	1.70674E-4	1749.59705	36418.083	41.1106	9926.407
1250.0	1.0	0.0	7.02633	7.57799	-5.3928	20.16473	31.0386	1.59904	0.62538	82.27912	87.87456	30.61102	0.34395	 	46942.76342	 	1.58366E-4	 	36215.145	40.5876	9935.662
1245.0	1.0	0.0	7.02881	7.57532	-5.42618	20.14385	30.98	1.5968	0.62625	82.76867	88.29172	30.79744	0.34376	 	50120.9535	 	1.47837E-4	 	35962.887	50.4516	 
1240.0	1.0	0.0	7.03129	7.57265	-5.45949	20.12298	30.92139	1.59456	0.62713	83.25942	88.70916	30.98435	0.34357	 	53538.88408	 	1.37943E-4	 	35770.932	38.391	 
1235.0	1.0	0.0	7.03376	7.56998	-5.49275	20.10211	30.86278	1.59231	0.62802	83.75135	89.12686	31.17175	0.34339	 	57216.41987	 	1.2865E-4	 	35582.26	37.7344	 
1230.0	1.0	0.0	7.03624	7.56732	-5.52595	20.08124	30.80417	1.59005	0.62891	84.24442	89.54478	31.35963	0.3432	 	61175.2148	 	1.19926E-4	 	35393.848	37.6824	 
1225.0	1.0	0.0	7.03871	7.56467	-5.5591	20.06037	30.74555	1.58778	0.62981	84.73863	89.96291	31.54798	0.34301	 	65438.88577	 	1.11739E-4	 	35205.696	37.6304	 
1220.0	1.0	0.0	7.04117	7.56202	-5.59219	20.03951	30.68694	1.5855	0.63071	85.23395	90.38122	31.7368	0.34283	 	70033.2045	 	1.04061E-4	 	35017.808	37.5776	 
1215.0	1.0	0.0	7.04364	7.55937	-5.62523	20.01865	30.62832	1.58322	0.63162	85.73035	90.79969	31.92608	0.34264	 	74986.30946	 	9.68616E-5	 	34830.184	37.5248	 
1210.0	1.0	0.0	7.0461	7.55673	-5.65821	19.99779	30.5697	1.58093	0.63254	86.2278	91.21828	32.1158	0.34245	 	80328.94013	 	9.01156E-5	 	34642.819	37.473	 
1205.0	1.0	0.0	7.04856	7.55409	-5.69113	19.97694	30.51108	1.57862	0.63346	86.7263	91.63699	32.30596	0.34226	 	86094.69608	 	8.37971E-5	 	34455.714	37.421	 
1200.0	1.0	0.0	7.05102	7.55146	-5.724	19.95609	30.45245	1.57631	0.63439	87.22581	92.05577	32.49655	0.34208	 	92320.32371	 	7.78819E-5	 	34268.868	37.3692	 
1195.0	1.0	0.0	7.05347	7.54883	-5.75681	19.93524	30.39382	1.57399	0.63533	87.72632	92.47461	32.68757	0.34189	 	99046.03372	 	7.23469E-5	 	34082.28	37.3176	 
1190.0	1.0	0.0	7.05592	7.54621	-5.78957	19.91439	30.3352	1.57166	0.63627	88.22779	92.89348	32.879	0.3417	 	106315.8529	 	6.71703E-5	 	33895.949	37.2662	 
1185.0	1.0	0.0	7.05837	7.54359	-5.82227	19.89355	30.27656	1.56933	0.63722	88.73021	93.31236	33.07084	0.34152	 	114178.0142	 	6.23313E-5	 	33709.873	37.2152	 
1180.0	1.0	0.0	7.06082	7.54097	-5.85491	19.87271	30.21793	1.56698	0.63817	89.23356	93.73123	33.26307	0.34133	 	122685.3893	 	5.78102E-5	 	33524.052	37.1642	 
1175.0	1.0	0.0	7.06327	7.53836	-5.8875	19.85187	30.15929	1.56462	0.63913	89.73781	94.15006	33.4557	0.34114	 	131895.9692	 	5.35881E-5	 	33338.484	37.1136	 
1170.0	1.0	0.0	7.06571	7.53576	-5.92003	19.83104	30.10066	1.56226	0.6401	90.24294	94.56883	33.6487	0.34096	 	141873.3974	 	4.96475E-5	 	33153.168	37.0632	 
1165.0	1.0	0.0	7.06815	7.53316	-5.95251	19.8102	30.04202	1.55989	0.64107	90.74893	94.98752	33.84208	0.34077	 	152687.563	 	4.59713E-5	 	32968.103	37.013	 
1160.0	1.0	0.0	7.07059	7.53056	-5.98493	19.78938	29.98337	1.5575	0.64205	91.25576	95.4061	34.03583	0.34058	 	164415.2607	 	4.25438E-5	 	32783.288	36.963	 
1155.0	1.0	0.0	7.07302	7.52797	-6.01729	19.76855	29.92473	1.55511	0.64304	91.7634	95.82455	34.22994	0.3404	 	177140.9243	 	3.93497E-5	 	32598.718	36.914	 
1150.0	1.0	0.0	7.07545	7.52538	-6.0496	19.74773	29.86608	1.55271	0.64404	92.27183	96.24285	34.42439	0.34021	 	190957.4446	 	3.63748E-5	 	32414.402	36.8632	 
1145.0	1.0	0.0	7.07788	7.5228	-6.08185	19.72691	29.80743	1.5503	0.64504	92.78104	96.66098	34.61919	0.34002	 	205967.0802	 	3.36056E-5	 	32230.328	36.8148	 
1140.0	1.0	0.0	7.08031	7.52022	-6.11405	19.70609	29.74878	1.54788	0.64605	93.29099	97.07891	34.81432	0.33984	 	222282.4739	 	3.10291E-5	 	32046.5	36.7656	 
1135.0	1.0	0.0	7.08274	7.51764	-6.14619	19.68527	29.69012	1.54545	0.64706	93.80167	97.49662	35.00977	0.33965	 	240027.7862	 	2.86335E-5	 	31862.914	36.7172	 
1130.0	1.0	0.0	7.08516	7.51507	-6.17827	19.66446	29.63147	1.54301	0.64808	94.31305	97.91409	35.20555	0.33946	 	259339.9616	 	2.64071E-5	 	31679.567	36.6694	 
1125.0	1.0	0.0	7.08758	7.51251	-6.2103	19.64365	29.57281	1.54056	0.64911	94.82512	98.3313	35.40163	0.33928	 	280370.1437	 	2.43393E-5	 	31496.469	36.6196	 
1120.0	1.0	0.0	7.08999	7.50995	-6.24228	19.62285	29.51415	1.5381	0.65015	95.33785	98.74823	35.59802	0.33909	 	303285.2569	 	2.24199E-5	 	31313.605	36.5728	 
1115.0	1.0	0.0	7.09241	7.50739	-6.27419	19.60204	29.45548	1.53563	0.6512	95.85123	99.16486	35.7947	0.3389	 	328269.7778	 	2.06392E-5	 	31130.98	36.525	 
1110.0	1.0	0.0	7.09482	7.50484	-6.30606	19.58124	29.39682	1.53316	0.65225	96.36522	99.58116	35.99166	0.33872	 	355527.7176	 	1.89881E-5	 	30948.587	36.4786	 
1105.0	1.0	0.0	7.09723	7.50229	-6.33786	19.56045	29.33815	1.53067	0.65331	96.87981	99.99712	36.18891	0.33853	 	385284.8443	 	1.74583E-5	 	30766.437	36.43	 
1100.0	1.0	0.0	7.09964	7.49975	-6.36961	19.53965	29.27948	1.52817	0.65438	97.39497	100.41271	36.38642	0.33834	 	417791.1751	 	1.60415E-5	 	30584.517	36.384	 
1095.0	1.0	0.0	7.10204	7.49721	-6.40131	19.51886	29.2208	1.52567	0.65545	97.9107	100.82791	36.5842	0.33816	 	453323.7736	 	1.47303E-5	 	30402.829	36.3376	 
1090.0	1.0	0.0	7.10444	7.49467	-6.43294	19.49807	29.16212	1.52315	0.65653	98.42695	101.24271	36.78223	0.33797	 	492189.8909	 	1.35175E-5	 	30221.371	36.2916	 
1085.0	1.0	0.0	7.10684	7.49214	-6.46453	19.47728	29.10345	1.52062	0.65763	98.94372	101.65708	36.98051	0.33778	 	534730.4969	 	1.23965E-5	 	30040.142	36.2458	 
1080.0	1.0	0.0	7.10924	7.48962	-6.49605	19.4565	29.04476	1.51808	0.65873	99.46099	102.071	37.17903	0.3376	 	581324.2525	 	1.13609E-5	 	29859.14	36.2004	 
1075.0	1.0	0.0	7.11163	7.4871	-6.52753	19.43572	28.98608	1.51554	0.65983	99.97872	102.48446	37.37778	0.33741	 	632391.9812	 	1.04049E-5	 	29678.365	36.155	 
1070.0	1.0	0.0	7.11402	7.48458	-6.55894	19.41494	28.92739	1.51298	0.66095	100.49691	102.89743	37.57676	0.33722	 	688401.7062	 	9.5229E-6	 	29497.813	36.1104	 
1065.0	1.0	0.0	7.11641	7.48207	-6.5903	19.39417	28.8687	1.51041	0.66207	101.01552	103.30989	37.77595	0.33703	 	749874.3309	 	8.7097E-6	 	29317.483	36.066	 
1060.0	1.0	0.0	7.1188	7.47956	-6.62161	19.37339	28.81001	1.50783	0.6632	101.53455	103.72182	37.97535	0.33685	 	817390.0476	 	7.96043E-6	 	29137.375	36.0216	 
1055.0	1.0	0.0	7.12118	7.47706	-6.65286	19.35262	28.75132	1.50524	0.66434	102.05396	104.13321	38.17495	0.33666	 	891595.5756	 	7.27053E-6	 	28957.485	35.978	 
1050.0	1.0	0.0	7.12356	7.47456	-6.68405	19.33186	28.69262	1.50265	0.66549	102.57374	104.54404	38.37475	0.33647	 	973212.3415	 	6.63572E-6	 	28777.812	35.9346	 
1045.0	1.0	0.0	7.12594	7.47207	-6.71519	19.31109	28.63392	1.50004	0.66665	103.09387	104.95428	38.57473	0.33629	 	1063045.732	 	6.05201E-6	 	28598.354	35.8916	 
1040.0	1.0	0.0	7.12831	7.46958	-6.74627	19.29033	28.57522	1.49742	0.66782	103.61432	105.36392	38.77489	0.3361	 	1161995.57	 	5.51565E-6	 	28419.11	35.8488	 
1035.0	1.0	0.0	7.13068	7.46709	-6.77729	19.26958	28.51651	1.49479	0.66899	104.13508	105.77293	38.97522	0.33591	 	1271067.983	 	5.02314E-6	 	28240.077	35.8066	 
1030.0	1.0	0.0	7.13305	7.46461	-6.80827	19.24882	28.4578	1.49214	0.67018	104.65613	106.18131	39.17571	0.33573	 	1391388.86	 	4.57122E-6	 	28061.254	35.7646	 
1025.0	1.0	0.0	7.13542	7.46213	-6.83918	19.22807	28.39909	1.48949	0.67137	105.17744	106.58903	39.37636	0.33554	 	1524219.13	 	4.15685E-6	 	27882.638	35.7232	 
1020.0	1.0	0.0	7.13779	7.45966	-6.87004	19.20732	28.34038	1.48683	0.67257	105.699	106.99607	39.57715	0.33535	 	1670972.115	 	3.77717E-6	 	27704.227	35.6822	 
1015.0	1.0	0.0	7.14015	7.4572	-6.90084	19.18657	28.28166	1.48415	0.67378	106.22078	107.40242	39.77809	0.33517	 	1833233.253	 	3.42954E-6	 	27526.02	35.6414	 
1010.0	1.0	0.0	7.14251	7.45473	-6.93159	19.16583	28.22294	1.48147	0.67501	106.74277	107.80806	39.97916	0.33498	 	2012782.552	 	3.11148E-6	 	27348.014	35.6012	 
1005.0	1.0	0.0	7.14486	7.45227	-6.96229	19.14509	28.16422	1.47877	0.67624	107.26494	108.21296	40.18035	0.33479	 	2211620.157	 	2.82071E-6	 	27170.207	35.5614	 
1000.0	1.0	0.0	7.14722	7.44982	-6.99292	19.12435	28.1055	1.47607	0.67748	107.78727	108.61712	40.38166	0.33461	 	2431995.498	 	2.55507E-6	 	26992.597	35.522	 
995.0	1.0	0.0	7.14957	7.44737	-7.0235	19.10361	28.04677	1.47335	0.67873	108.30975	109.02051	40.58309	0.33442	 	2676440.554	 	2.3126E-6	 	26815.176	35.4842	 
990.0	1.0	0.0	7.15192	7.44492	-7.05403	19.08288	27.98804	1.47062	0.67999	108.83236	109.42311	40.78461	0.33423	 	2947807.829	 	2.09143E-6	 	26637.958	35.4436	 
985.0	1.0	0.0	7.15426	7.44248	-7.0845	19.06215	27.92931	1.46788	0.68126	109.35507	109.82492	40.98623	0.33405	 	3249313.782	 	1.88985E-6	 	26460.925	35.4066	 
980.0	1.0	0.0	7.1566	7.44005	-7.11492	19.04142	27.87057	1.46513	0.68254	109.87786	110.2259	41.18794	0.33386	 	3584588.512	 	1.70628E-6	 	26284.078	35.3694	 
975.0	1.0	0.0	7.15894	7.43762	-7.14528	19.0207	27.81183	1.46236	0.68383	110.40072	110.62606	41.38973	0.33367	 	3957732.66	 	1.53924E-6	 	26107.416	35.3324	 
970.0	1.0	0.0	7.16128	7.43519	-7.17558	18.99998	27.75309	1.45959	0.68513	110.92362	111.02535	41.59159	0.33349	 	4373382.653	 	1.38737E-6	 	25930.931	35.297	 
965.0	1.0	0.0	7.16361	7.43277	-7.20583	18.97926	27.69434	1.4568	0.68644	111.44655	111.42378	41.79352	0.3333	 	4836785.565	 	1.2494E-6	 	25754.637	35.2588	 
960.0	1.0	0.0	7.16595	7.43035	-7.23602	18.95854	27.63559	1.454	0.68776	111.96948	111.82132	41.99551	0.33311	 	5353885.122	 	1.12417E-6	 	25578.507	35.226	 
955.0	1.0	0.0	7.16828	7.42793	-7.26616	18.93783	27.57684	1.45119	0.68909	112.4924	112.21796	42.19755	0.33293	 	5931420.58	 	1.0106E-6	 	25402.564	35.1886	 
950.0	1.0	0.0	7.1706	7.42552	-7.29624	18.91712	27.51809	1.44837	0.69043	113.01528	112.61368	42.39963	0.33274	 	6577040.54	 	9.07687E-7	 	25226.786	35.1556	 
945.0	1.0	0.0	7.17292	7.42312	-7.32627	18.89641	27.45933	1.44553	0.69179	113.53811	113.00847	42.60175	0.33255	 	7299434.089	 	8.14513E-7	 	25051.17	35.1232	 
940.0	1.0	0.0	7.17525	7.42072	-7.35624	18.87571	27.40057	1.44269	0.69315	114.06087	113.4023	42.8039	0.33237	 	8108482.047	 	7.30233E-7	 	24875.731	35.0878	 
935.0	1.0	0.0	7.17756	7.41832	-7.38616	18.85501	27.34181	1.43983	0.69453	114.58353	113.79516	43.00607	0.33218	 	9015431.594	 	6.54065E-7	 	24700.442	35.0578	 
930.0	1.0	0.0	7.17988	7.41593	-7.41602	18.83431	27.28304	1.43696	0.69591	115.10608	114.18704	43.20825	0.33199	 	1.003309811E7	 	5.8529E-7	 	24525.324	35.0236	 
925.0	1.0	0.0	7.18219	7.41354	-7.44583	18.81361	27.22427	1.43408	0.69731	115.6285	114.57792	43.41044	0.33181	 	1.117609871E7	 	5.23248E-7	 	24350.356	34.9936	 
920.0	1.0	0.0	7.1845	7.41116	-7.47558	18.79292	27.1655	1.43118	0.69872	116.15077	114.96778	43.61264	0.33162	 	1.246112276E7	 	4.67331E-7	 	24175.539	34.9634	 
915.0	1.0	0.0	7.18681	7.40878	-7.50527	18.77223	27.10672	1.42828	0.70015	116.67287	115.35661	43.81482	0.33143	 	1.39072455E7	 	4.16982E-7	 	24000.872	34.9334	 
910.0	1.0	0.0	7.18911	7.40641	-7.53491	18.75154	27.04794	1.42536	0.70158	117.19478	115.7444	44.01699	0.33124	 	1.553629224E7	 	3.71689E-7	 	23826.349	34.9046	 
905.0	1.0	0.0	7.19141	7.40404	-7.5645	18.73086	26.98916	1.42242	0.70303	117.71648	116.13112	44.21914	0.33106	 	1.737326146E7	 	3.30983E-7	 	23651.968	34.8762	 
900.0	1.0	0.0	7.19371	7.40167	-7.59403	18.71018	26.93037	1.41948	0.70448	118.23795	116.51676	44.42126	0.33087	 	1.944681723E7	 	2.94437E-7	 	23477.724	34.8488	 
895.0	1.0	0.0	7.196	7.39931	-7.6235	18.6895	26.87158	1.41652	0.70595	118.75918	116.9013	44.62334	0.33068	 	2.178986265E7	 	2.61656E-7	 	23303.614	34.822	 
890.0	1.0	0.0	7.1983	7.39695	-7.65292	18.66882	26.81279	1.41355	0.70744	119.28013	117.28474	44.82538	0.3305	 	2.444020871E7	 	2.32283E-7	 	23129.634	34.796	 
885.0	1.0	0.0	7.20059	7.3946	-7.68228	18.64815	26.754	1.41057	0.70893	119.8008	117.66705	45.02737	0.33031	 	2.744135513E7	 	2.0599E-7	 	22955.779	34.771	 
880.0	1.0	0.0	7.20287	7.39225	-7.71159	18.62748	26.6952	1.40757	0.71044	120.32117	118.04822	45.2293	0.33012	 	3.08434032E7	 	1.82478E-7	 	22782.045	34.7468	 
875.0	1.0	0.0	7.20516	7.38991	-7.74084	18.60681	26.6364	1.40456	0.71197	120.84121	118.42823	45.43116	0.32994	 	3.470412402E7	 	1.61475E-7	 	22608.428	34.7234	 
870.0	1.0	0.0	7.20744	7.38757	-7.77004	18.58615	26.57759	1.40154	0.7135	121.3609	118.80707	45.63295	0.32975	 	3.909021041E7	 	1.42732E-7	 	22434.923	34.701	 
865.0	1.0	0.0	7.20972	7.38524	-7.79918	18.56549	26.51878	1.3985	0.71505	121.88023	119.18473	45.83466	0.32956	 	4.407874552E7	 	1.26025E-7	 	22261.525	34.6796	 
860.0	1.0	0.0	7.21199	7.38291	-7.82827	18.54483	26.45997	1.39545	0.71661	122.39917	119.56119	46.03628	0.32938	 	4.975892823E7	 	1.11148E-7	 	22088.229	34.6592	 
855.0	1.0	0.0	7.21426	7.38058	-7.8573	18.52417	26.40116	1.39239	0.71819	122.91772	119.93643	46.23781	0.32919	 	5.623410234E7	 	9.7916E-8	 	21915.031	34.6396	 
850.0	1.0	0.0	7.21653	7.37826	-7.88628	18.50352	26.34234	1.38932	0.71978	123.43584	120.31044	46.43924	0.329	 	6.362414659E7	 	8.61594E-8	 	21741.925	34.6212	 
845.0	1.0	0.0	7.2188	7.37595	-7.9152	18.48287	26.28352	1.38623	0.72138	123.95353	120.68321	46.64056	0.32882	 	7.206829296E7	 	7.57256E-8	 	21568.906	34.6038	 
840.0	1.0	0.0	7.22106	7.37363	-7.94406	18.46222	26.22469	1.38312	0.723	124.47075	121.05472	46.84176	0.32863	 	8.17284545E7	 	6.64763E-8	 	21395.96	34.5892	 
835.0	1.0	0.0	7.22332	7.37133	-7.97287	18.44157	26.16586	1.38001	0.72463	124.9875	121.42496	47.04284	0.32844	 	9.279316017E7	 	5.82867E-8	 	21223.096	34.5728	 
830.0	1.0	0.0	7.22558	7.36902	-8.00163	18.42093	26.10703	1.37688	0.72628	125.50375	121.79391	47.24379	0.32826	 	1.054822135E8	 	5.10437E-8	 	21050.309	34.5574	 
825.0	1.0	0.0	7.22784	7.36672	-8.03033	18.40029	26.0482	1.37373	0.72794	126.01949	122.16156	47.4446	0.32807	 	1.200522158E8	 	4.46456E-8	 	20877.577	34.5464	 
820.0	1.0	0.0	7.23009	7.36443	-8.05898	18.37966	25.98936	1.37057	0.72962	126.53469	122.52789	47.64527	0.32788	 	1.368031237E8	 	3.90005E-8	 	20704.893	34.5368	 
815.0	1.0	0.0	7.23234	7.36214	-8.08757	18.35902	25.93052	1.3674	0.73132	127.04934	122.8929	47.84578	0.3277	 	1.560860454E8	 	3.4026E-8	 	20532.274	34.5238	 
810.0	1.0	0.0	7.23458	7.35985	-8.1161	18.33839	25.87167	1.36421	0.73302	127.56341	123.25656	48.04614	0.32751	 	1.783125223E8	 	2.96479E-8	 	20359.689	34.517	 
805.0	1.0	0.0	7.23683	7.35757	-8.14458	18.31777	25.81282	1.36101	0.73475	128.0769	123.61887	48.24632	0.32732	 	2.039655965E8	 	2.57994E-8	 	20187.14	34.5098	 
800.0	1.0	0.0	7.23907	7.3553	-8.17301	18.29714	25.75397	1.35779	0.73649	128.58978	123.97981	48.44634	0.32714	 	2.33613025E8	 	2.24207E-8	 	20014.617	34.5046	 
795.0	1.0	0.0	7.2413	7.35302	-8.20138	18.27652	25.69512	1.35456	0.73825	129.10203	124.33936	48.64618	0.32695	 	2.679230819E8	 	1.94585E-8	 	19842.113	34.5008	 
790.0	1.0	0.0	7.24354	7.35076	-8.22969	18.2559	25.63626	1.35132	0.74002	129.61363	124.69752	48.84583	0.32676	 	3.076834834E8	 	1.68646E-8	 	19669.619	34.4988	 
785.0	1.0	0.0	7.24577	7.34849	-8.25795	18.23528	25.5774	1.34806	0.74181	130.12457	125.05427	49.04528	0.32658	 	3.538240858E8	 	1.45964E-8	 	19497.127	34.4984	 
780.0	1.0	0.0	7.248	7.34623	-8.28616	18.21467	25.51854	1.34478	0.74361	130.63483	125.40959	49.24454	0.32639	 	4.074441535E8	 	1.26156E-8	 	19324.628	34.4998	 
775.0	1.0	0.0	7.25022	7.34398	-8.31431	18.19406	25.45967	1.34149	0.74544	131.14439	125.76348	49.44358	0.3262	 	4.698451647E8	 	1.08882E-8	 	19152.112	34.5032	 
770.0	1.0	0.0	7.25244	7.34173	-8.3424	18.17345	25.4008	1.33819	0.74728	131.65322	126.11593	49.64241	0.32602	 	5.425703442E8	 	9.38377E-9	 	18979.569	34.5086	 
765.0	1.0	0.0	7.25466	7.33948	-8.37044	18.15284	25.34193	1.33487	0.74914	132.16132	126.46691	49.84102	0.32583	 	6.27452379E8	 	8.07544E-9	 	18806.988	34.5162	 
760.0	1.0	0.0	7.25688	7.33724	-8.39843	18.13224	25.28305	1.33153	0.75101	132.66866	126.81641	50.0394	0.32564	 	7.266711018E8	 	6.93924E-9	 	18634.358	34.526	 
755.0	1.0	0.0	7.25909	7.335	-8.42636	18.11164	25.22417	1.32818	0.75291	133.17523	127.16443	50.23754	0.32546	 	8.428233422E8	 	5.95397E-9	 	18461.66	34.5396	 
750.0	1.0	0.0	7.2613	7.33277	-8.45423	18.09105	25.16529	1.32481	0.75482	133.68101	127.51095	50.43544	0.32527	 	9.790076514E8	 	5.10082E-9	 	18288.904	34.5512	 
745.0	1.0	0.0	7.26351	7.33054	-8.48205	18.07045	25.10641	1.32143	0.75675	134.18597	127.85596	50.63309	0.32508	 	1.138927242E9	 	4.36317E-9	 	18116.056	34.5696	 
740.0	1.0	0.0	7.26572	7.32832	-8.50982	18.04986	25.04752	1.31803	0.75871	134.69011	128.19944	50.83048	0.3249	 	1.327015273E9	 	3.72636E-9	 	17943.108	34.5896	 
735.0	1.0	0.0	7.26792	7.3261	-8.53753	18.02927	24.98863	1.31462	0.76068	135.1934	128.54138	51.02761	0.32471	 	1.548587598E9	 	3.17743E-9	 	17770.038	34.614	 
730.0	1.0	0.0	7.27012	7.32388	-8.56518	18.00869	24.92973	1.31119	0.76267	135.69582	128.88178	51.22446	0.32452	 	1.810029318E9	 	2.705E-9	 	17596.855	34.6366	 
725.0	1.0	0.0	7.27231	7.32167	-8.59278	17.98811	24.87083	1.30775	0.76467	136.19736	129.22062	51.42104	0.32433	 	2.119023038E9	 	2.29904E-9	 	17423.52	34.667	 
720.0	1.0	0.0	7.2745	7.31947	-8.62033	17.96753	24.81193	1.30428	0.7667	136.698	129.55788	51.61734	0.32415	 	2.484828649E9	 	1.95077E-9	 	17250.022	34.6996	 
715.0	1.0	0.0	7.27669	7.31726	-8.64782	17.94695	24.75303	1.30081	0.76875	137.19772	129.89355	51.81334	0.32396	 	2.918626897E9	 	1.65246E-9	 	17076.335	34.7374	 
710.0	1.0	0.0	7.27888	7.31507	-8.67525	17.92637	24.69412	1.29731	0.77083	137.6965	130.22763	52.00904	0.32377	 	3.433942071E9	 	1.39738E-9	 	16902.465	34.774	 
705.0	1.0	0.0	7.28106	7.31287	-8.70263	17.9058	24.63521	1.2938	0.77292	138.19433	130.5601	52.20444	0.32359	 	4.04716302E9	 	1.17962E-9	 	16728.359	34.8212	 
700.0	1.0	0.0	7.28324	7.31068	-8.72996	17.88524	24.5763	1.29027	0.77503	138.69119	130.89095	52.39953	0.3234	 	4.77818659E9	 	9.94039E-10	 	16554.026	34.8666	 
695.0	1.0	0.0	7.28542	7.3085	-8.75723	17.86467	24.51738	1.28673	0.77717	139.18706	131.22017	52.5943	0.32321	 	5.651213814E9	 	8.36157E-10	 	16379.411	34.923	 
690.0	1.0	0.0	7.28759	7.30632	-8.78445	17.84411	24.45845	1.28317	0.77932	139.68192	131.54775	52.78874	0.32303	 	6.695737039E9	 	7.02073E-10	 	16204.521	34.978	 
685.0	1.0	0.0	7.28976	7.30414	-8.81161	17.82355	24.39953	1.27959	0.7815	140.17575	131.87367	52.98285	0.32284	 	7.947766265E9	 	5.88403E-10	 	16029.305	35.0432	 
680.0	1.0	0.0	7.29193	7.30197	-8.83871	17.80299	24.3406	1.27599	0.7837	140.66854	132.19792	53.17662	0.32265	 	9.451355734E9	 	4.92214E-10	 	15853.734	35.1142	 
675.0	1.0	0.0	7.29409	7.29981	-8.86577	17.78244	24.28166	1.27238	0.78593	141.16027	132.5205	53.37004	0.32247	 	1.12605E10	 	4.10966E-10	 	15677.799	35.187	 
670.0	1.0	0.0	7.29626	7.29764	-8.89276	17.76188	24.22272	1.26875	0.78818	141.65092	132.84138	53.56311	0.32228	 	1.3441599999999998E10	 	3.42466E-10	 	15501.445	35.2708	 
665.0	1.0	0.0	7.29841	7.29549	-8.9197	17.74134	24.16378	1.2651	0.79045	142.14048	133.16057	53.75582	0.32209	 	1.6076099999999998E10	 	2.84824E-10	 	15324.633	35.3624	 
660.0	1.0	0.0	7.30057	7.29333	-8.94659	17.72079	24.10483	1.26144	0.79275	142.62892	133.47805	53.94816	0.32191	 	1.9265E10	 	2.36412E-10	 	15147.341	35.4584	 
655.0	1.0	0.0	7.30272	7.29118	-8.97342	17.70025	24.04588	1.25775	0.79507	143.11623	133.7938	54.14013	0.32172	 	2.31325E10	 	1.95832E-10	 	14969.524	35.5634	 
650.0	1.0	0.0	7.30487	7.28904	-9.0002	17.67971	23.98692	1.25405	0.79742	143.6024	134.10782	54.33172	0.32153	 	2.7832899999999996E10	 	1.61883E-10	 	14791.113	35.6822	 
645.0	1.0	0.0	7.30702	7.2869	-9.02692	17.65917	23.92796	1.25033	0.79979	144.0874	134.4201	54.52292	0.32135	 	3.3557499999999996E10	 	1.3354E-10	 	14612.088	35.805	 
640.0	1.0	0.0	7.30916	7.28476	-9.05359	17.63864	23.86899	1.2466	0.80218	144.57121	134.73063	54.71373	0.32116	 	4.05444E10	 	1.09925E-10	 	14432.369	35.9438	 
635.0	1.0	0.0	7.3113	7.28263	-9.08021	17.6181	23.81001	1.24284	0.80461	145.05383	135.03939	54.90414	0.32097	 	4.909049999999999E10	 	9.02914E-11	 	14251.893	36.0952	 
630.0	1.0	0.0	7.31343	7.2805	-9.10677	17.59758	23.75103	1.23907	0.80706	145.53523	135.34638	55.09415	0.32079	 	5.956689999999999E10	 	7.40017E-11	 	14070.612	36.2562	 
625.0	1.0	0.0	7.31557	7.27838	-9.13327	17.57705	23.69204	1.23528	0.80954	146.0154	135.65158	55.28374	0.3206	 	7.24382E10	 	6.05156E-11	 	13888.44	36.4344	 
620.0	1.0	0.0	7.3177	7.27626	-9.15972	17.55653	23.63304	1.23147	0.81204	146.49431	135.95498	55.47291	0.32041	 	8.82882E10	 	4.93752E-11	 	13705.297	36.6286	 
615.0	1.0	0.0	7.31982	7.27415	-9.18611	17.53601	23.57404	1.22764	0.81457	146.97196	136.25659	55.66165	0.32023	 	1.07851E11	 	4.01928E-11	 	13521.092	36.841	 
610.0	1.0	0.0	7.32195	7.27204	-9.21245	17.51549	23.51503	1.22379	0.81713	147.44832	136.55637	55.84996	0.32004	 	1.32054E11	 	3.26414E-11	 	13335.731	37.0722	 
605.0	1.0	0.0	7.32407	7.26993	-9.23874	17.49497	23.45602	1.21992	0.81972	147.92338	136.85433	56.03783	0.31985	 	1.62069E11	 	2.64457E-11	 	13149.087	37.3288	 
600.0	1.0	0.0	7.32619	7.26783	-9.26497	17.47446	23.397	1.21604	0.82234	148.39713	137.15045	56.22525	0.31967	 	1.99382E11	 	2.13741E-11	 	12961.034	37.6106	 
595.0	1.0	0.0	7.3283	7.26573	-9.29115	17.45395	23.33797	1.21213	0.82499	148.86953	137.44473	56.41222	0.31948	 	2.45884E11	 	1.72326E-11	 	12771.457	37.9154	 
590.0	1.0	0.0	7.33041	7.26364	-9.31727	17.43345	23.27893	1.20821	0.82767	149.34059	137.73715	56.59873	0.31929	 	3.03982E11	 	1.38588E-11	 	12580.174	38.2566	 
585.0	1.0	0.0	7.33252	7.26155	-9.34334	17.41294	23.21988	1.20426	0.83038	149.81027	138.02771	56.78477	0.31911	 	3.76754E11	 	1.11171E-11	 	12387.018	38.6312	 
580.0	1.0	0.0	7.33462	7.25947	-9.36935	17.39244	23.16083	1.2003	0.83313	150.27857	138.3164	56.97034	0.31892	 	4.68146E11	 	8.8947E-12	 	12191.781	39.0474	 
575.0	1.0	0.0	7.33672	7.25739	-9.39531	17.37195	23.10177	1.19631	0.8359	150.74547	138.6032	57.15543	0.31873	 	5.83223E11	 	7.09782E-12	 	11978.328	42.6906	 
570.0	1.0	0.0	7.33882	7.25532	-9.42121	17.35145	23.0427	1.19231	0.83871	151.21094	138.8881	57.34004	0.31855	 	7.28517E11	 	5.64874E-12	 	11766.117	42.4422	 
565.0	1.0	0.0	7.34092	7.25324	-9.44706	17.33096	22.98362	1.18829	0.84155	151.67499	139.17111	57.52416	0.31836	 	9.12465E11	 	4.48324E-12	 	11556.15	41.9934	 
560.0	1.0	0.0	7.34301	7.25118	-9.47285	17.31047	22.92454	1.18424	0.84442	152.13758	139.4522	57.70777	0.31817	 	1.146E12	 	3.54834E-12	 	11348.329	41.5642	 
555.0	1.0	0.0	7.3451	7.24912	-9.49859	17.28998	22.86545	1.18018	0.84733	152.5987	139.73137	57.89088	0.31799	 	1.44334E12	 	2.80045E-12	 	11142.595	41.1468	 
550.0	1.0	0.0	7.34718	7.24706	-9.52428	17.2695	22.80635	1.17609	0.85027	153.05834	140.00862	58.07348	0.3178	 	1.823E12	 	2.20384E-12	 	10938.835	40.752	 
545.0	1.0	0.0	7.34926	7.24501	-9.54991	17.24902	22.74724	1.17198	0.85325	153.51648	140.28392	58.25556	0.31761	 	2.3092E12	 	1.72925E-12	 	10737.008	40.3654	 
540.0	1.0	0.0	7.35134	7.24296	-9.57548	17.22854	22.68812	1.16786	0.85627	153.9731	140.55728	58.43712	0.31743	 	2.93372E12	 	1.35282E-12	 	10537.017	39.9982	 
535.0	1.0	0.0	7.35342	7.24091	-9.601	17.20807	22.629	1.16371	0.85932	154.42818	140.82868	58.61815	0.31724	 	3.73834E12	 	1.05511E-12	 	10338.796	39.6442	 
530.0	1.0	0.0	7.35549	7.23887	-9.62647	17.1876	22.56986	1.15954	0.86241	154.88172	141.09811	58.79864	0.31705	 	4.77824E12	 	8.2038E-13	 	10142.306	39.298	 
525.0	1.0	0.0	7.35756	7.23684	-9.65188	17.16713	22.51072	1.15535	0.86554	155.3337	141.36557	58.97858	0.31687	 	6.12647E12	 	6.35859E-13	 	9947.463	38.9686	 
520.0	1.0	0.0	7.35963	7.23481	-9.67724	17.14666	22.45158	1.15113	0.86871	155.78409	141.63105	59.15798	0.31668	 	7.88009E12	 	4.9126E-13	 	9754.218	38.649	 
515.0	1.0	0.0	7.36169	7.23278	-9.70255	17.1262	22.39242	1.1469	0.87192	156.23289	141.89454	59.33683	0.31649	 	1.01685E13	 	3.78303E-13	 	9562.519	38.3398	 
510.0	1.0	0.0	7.36375	7.23076	-9.7278	17.10574	22.33326	1.14264	0.87516	156.68007	142.15604	59.51511	0.31631	 	1.31647E13	 	2.90349E-13	 	9372.313	38.0412	 
505.0	1.0	0.0	7.3658	7.22874	-9.75299	17.08528	22.27409	1.13836	0.87845	157.12563	142.41552	59.69282	0.31612	 	1.71011E13	 	2.22088E-13	 	9183.545	37.7536	 
500.0	1.0	0.0	7.36786	7.22673	-9.77813	17.06482	22.21491	1.13406	0.88179	157.56954	142.67299	59.86996	0.31593	 	2.22907E13	 	1.69288E-13	 	8996.187	37.4716	 
495.0	1.0	0.0	7.3699	7.22472	-9.80322	17.04437	22.15573	1.12974	0.88516	158.01179	142.92844	60.04652	0.31574	 	2.91566E13	 	1.28587E-13	 	8810.195	37.1984	 
490.0	1.0	0.0	7.37195	7.22271	-9.82825	17.02392	22.09654	1.12539	0.88858	158.45237	143.18186	60.22249	0.31556	 	3.82732E13	 	9.73199E-14	 	8625.513	36.9364	 
485.0	1.0	0.0	7.37399	7.22071	-9.85323	17.00348	22.03734	1.12102	0.89204	158.89126	143.43325	60.39787	0.31537	 	5.04228E13	 	7.33862E-14	 	8442.109	36.6808	 
480.0	1.0	0.0	7.37603	7.21871	-9.87815	16.98303	21.97814	1.11663	0.89555	159.32845	143.68258	60.57265	0.31518	 	6.66753E13	 	5.51319E-14	 	8259.947	36.4324	 
475.0	1.0	0.0	7.37807	7.21672	-9.90302	16.96259	21.91893	1.11221	0.89911	159.76391	143.92987	60.74683	0.315	 	8.84992E13	 	4.12606E-14	 	8078.993	36.1908	 
470.0	1.0	0.0	7.3801	7.21473	-9.92783	16.94215	21.85971	1.10777	0.90271	160.19764	144.17509	60.9204	0.31481	 	1.17919E14	 	3.07595E-14	 	7899.205	35.9576	 
465.0	1.0	0.0	7.38213	7.21275	-9.95259	16.92172	21.80049	1.10331	0.90637	160.64888	144.43557	61.10067	0.31462	 	1.57737E14	 	2.28402E-14	 	7720.576	35.7258	 
460.0	1.0	0.0	7.38416	7.21077	-9.9773	16.90128	21.74126	1.09882	0.91007	161.07909	144.67663	61.273	0.31444	 	2.11845E14	 	1.68912E-14	 	7543.053	35.5046	 
455.0	1.0	0.0	7.38618	7.2088	-10.00195	16.88085	21.68202	1.09431	0.91382	161.50753	144.91562	61.4447	0.31425	 	2.85679E14	 	1.24403E-14	 	7366.615	35.2876	 
450.0	1.0	0.0	7.3882	7.20683	-10.02655	16.86043	21.62278	1.08977	0.91763	161.93417	145.15251	61.61577	0.31406	 	3.86854E14	 	9.12363E-15	 	7191.234	35.0762	 
445.0	1.0	0.0	7.39021	7.20486	-10.05109	16.84	21.56353	1.08521	0.92148	162.359	145.38731	61.78619	0.31388	 	5.2609499999999994E14	 	6.66251E-15	 	7016.886	34.8696	 
440.0	1.0	0.0	7.39223	7.2029	-10.07558	16.81958	21.50428	1.08062	0.92539	162.782	145.62001	61.95598	0.31369	 	7.18566E14	 	4.84396E-15	 	6843.546	34.668	 
435.0	1.0	0.0	7.39424	7.20094	-10.10001	16.79916	21.44501	1.07601	0.92936	163.20317	145.8506	62.1251	0.3135	 	9.85813E14	 	3.50604E-15	 	6671.191	34.471	 
430.0	1.0	0.0	7.39624	7.19899	-10.12439	16.77875	21.38575	1.07137	0.93338	163.62248	146.07907	62.29358	0.31332	 	1.35859E15	 	2.52607E-15	 	6499.798	34.2786	 
425.0	1.0	0.0	7.39824	7.19704	-10.14872	16.75834	21.32647	1.06671	0.93746	164.03993	146.30543	62.46139	0.31313	 	1.88101E15	 	1.81153E-15	 	6329.338	34.092	 
420.0	1.0	0.0	7.40024	7.1951	-10.17299	16.73793	21.26719	1.06203	0.9416	164.4555	146.52965	62.62853	0.31294	 	2.61664E15	 	1.29291E-15	 	6159.807	33.9062	 
415.0	1.0	0.0	7.40224	7.19316	-10.1972	16.71752	21.20791	1.05731	0.9458	164.86917	146.75175	62.79499	0.31276	 	3.65757E15	 	9.18284E-16	 	5991.186	33.7242	 
410.0	1.0	0.0	7.40423	7.19122	-10.22137	16.69712	21.14862	1.05257	0.95005	165.28094	146.9717	62.96078	0.31257	 	5.13787E15	 	6.48963E-16	 	5823.439	33.5494	 
405.0	1.0	0.0	7.40622	7.18929	-10.24548	16.67671	21.08932	1.04781	0.95438	165.69078	147.18952	63.12588	0.31238	 	7.25372E15	 	4.56301E-16	 	5656.559	33.376	 
400.0	1.0	0.0	7.4082	7.18737	-10.26953	16.65632	21.03001	1.04301	0.95876	166.09869	147.40518	63.2903	0.3122	 	1.02938E16	 	3.19171E-16	 	5490.526	33.2066	 
395.0	1.0	0.0	7.41019	7.18544	-10.29353	16.63592	20.9707	1.03819	0.96321	166.50466	147.61869	63.45401	0.31201	 	1.46851E16	 	2.22067E-16	 	5325.318	33.0416	 
390.0	1.0	0.0	7.41217	7.18352	-10.31748	16.61553	20.91138	1.03335	0.96773	166.90866	147.83004	63.61703	0.31182	 	2.10628E16	 	1.53668E-16	 	5160.943	32.875	 
385.0	1.0	0.0	7.41414	7.18161	-10.34137	16.59514	20.85206	1.02847	0.97231	167.31069	148.03923	63.77934	0.31164	 	3.0377E16	 	1.05747E-16	 	4997.353	32.718	 
380.0	1.0	0.0	7.41611	7.1797	-10.36521	16.57475	20.79273	1.02357	0.97697	167.71074	148.24625	63.94095	0.31145	 	4.40575E16	 	7.23568E-17	 	4834.567	32.5572	 
375.0	1.0	0.0	7.41808	7.1778	-10.38899	16.55437	20.73339	1.01865	0.9817	168.10879	148.45109	64.10183	0.31126	 	6.42682E16	 	4.92227E-17	 	4672.547	32.404	 
370.0	1.0	0.0	7.42005	7.1759	-10.41272	16.53398	20.67404	1.01369	0.9865	168.50483	148.65376	64.262	0.31108	 	9.43045E16	 	3.32864E-17	 	4511.288	32.2518	 
365.0	1.0	0.0	7.42201	7.174	-10.4364	16.51361	20.61469	1.0087	0.99137	168.89885	148.85425	64.42144	0.31089	 	1.39215E17	 	2.23729E-17	 	4350.776	32.1024	 
360.0	1.0	0.0	7.42396	7.17211	-10.46002	16.49323	20.55533	1.00369	0.99632	169.29084	149.05255	64.58015	0.3107	 	2.06787E17	 	1.49441E-17	 	4191.0	31.9552	 
355.0	1.0	0.0	7.42592	7.17022	-10.48359	16.47286	20.49597	0.99865	1.00135	169.68078	149.24866	64.73812	0.31052	 	3.09104E17	 	9.91849E-18	 	4031.948	31.8104	 
350.0	1.0	0.0	7.42787	7.16834	-10.5071	16.45249	20.43659	0.99358	1.00646	170.06867	149.44259	64.89536	0.31033	 	4.65046E17	 	6.54009E-18	 	3873.609	31.6678	 
345.0	1.0	0.0	7.42982	7.16646	-10.53056	16.43212	20.37721	0.98848	1.01166	170.45449	149.63432	65.05185	0.31014	 	7.04313E17	 	4.28366E-18	 	3715.971	31.5276	 
340.0	1.0	0.0	7.43176	7.16458	-10.55396	16.41176	20.31782	0.98335	1.01693	170.83824	149.82385	65.2076	0.30996	 	1.07395E18	 	2.78657E-18	 	3559.025	31.3892	 
335.0	1.0	0.0	7.4337	7.16271	-10.57731	16.39139	20.25842	0.97819	1.0223	171.2199	150.01118	65.36259	0.30977	 	1.64901E18	 	1.80001E-18	 	3402.753	31.2544	 
330.0	1.0	0.0	7.43564	7.16085	-10.60061	16.37104	20.19901	0.973	1.02775	171.59946	150.19631	65.51683	0.30958	 	2.5501E18	 	1.1544E-18	 	3247.168	31.117	 
325.0	1.0	0.0	7.43757	7.15898	-10.62385	16.35068	20.1396	0.96778	1.03329	171.97692	150.37923	65.6703	0.3094	 	3.9725E18	 	7.34908E-19	 	3092.237	30.9862	 
320.0	1.0	0.0	7.4395	7.15713	-10.64704	16.33033	20.08018	0.96253	1.03893	172.35225	150.55995	65.82301	0.30921	 	6.23482E18	 	4.64331E-19	 	2937.959	30.8556	 
315.0	1.0	0.0	7.44143	7.15527	-10.67018	16.30998	20.02075	0.95725	1.04466	172.72547	150.73846	65.97496	0.30902	 	9.86095E18	 	2.91109E-19	 	2784.326	30.7266	 
310.0	1.0	0.0	7.44335	7.15342	-10.69326	16.28963	19.96131	0.95194	1.05049	173.09655	150.91476	66.12613	0.30884	 	1.57194E19	 	1.81064E-19	 	2631.328	30.5996	 
305.0	1.0	0.0	7.44527	7.15158	-10.71629	16.26928	19.90186	0.9466	1.05642	173.46549	151.08885	66.27652	0.30865	 	2.52616E19	 	1.11703E-19	 	2478.959	30.4738	 
300.0	1.0	0.0	7.44719	7.14974	-10.73926	16.24894	19.8424	0.94122	1.06245	173.83227	151.26074	66.42614	0.30846	 	4.09343E19	 	6.83388E-20	 	2327.209	30.35	 
295.0	1.0	0.0	7.4491	7.1479	-10.76218	16.2286	19.78293	0.93582	1.06859	174.1969	151.43041	66.57497	0.30828	 	6.68975E19	 	4.14515E-20	 	2176.072	30.2274	 
290.0	1.0	0.0	7.45101	7.14607	-10.78504	16.20827	19.72346	0.93038	1.07483	174.55937	151.59787	66.72302	0.30809	 	1.1028699999999998E20	 	2.49221E-20	 	2025.539	30.1066	 
285.0	1.0	0.0	7.45292	7.14425	-10.80786	16.18793	19.66398	0.92491	1.08119	174.91966	151.76312	66.87028	0.3079	 	1.83458E20	 	1.48491E-20	 	1875.605	29.9868	 
280.0	1.0	0.0	7.45482	7.14242	-10.83061	16.1676	19.60448	0.9194	1.08766	175.27777	151.92617	67.01675	0.30772	 	3.0799899999999997E20	 	8.76557E-21	 	1726.262	29.8686	 
275.0	1.0	0.0	7.45672	7.1406	-10.85332	16.14728	19.54498	0.91386	1.09425	175.6337	152.087	67.16243	0.30753	 	5.2200199999999993E20	 	5.12524E-21	 	1577.503	29.7518	 
270.0	1.0	0.0	7.45861	7.13879	-10.87597	16.12695	19.48547	0.90829	1.10096	175.98744	152.24563	67.30731	0.30734	 	8.933419999999999E20	 	2.96749E-21	 	1429.315	29.6376	 
265.0	1.0	0.0	7.4605	7.13698	-10.89856	16.10663	19.42594	0.90269	1.1078	176.33899	152.40206	67.4514	0.30716	 	1.5442E21	 	1.70093E-21	 	1281.714	29.5202	 
260.0	1.0	0.0	7.46239	7.13517	-10.9211	16.08631	19.36641	0.89705	1.11476	176.68834	152.55629	67.59468	0.30697	 	2.69683E21	 	9.64901E-22	 	1134.672	29.4084	 
255.0	1.0	0.0	7.46428	7.13337	-10.94359	16.06599	19.30687	0.89138	1.12186	177.03548	152.70832	67.73716	0.30678	 	4.75983E21	 	5.41568E-22	 	988.19	29.2964	 
250.0	1.0	0.0	7.46616	7.13158	-10.96603	16.04568	19.24732	0.88567	1.12908	177.38042	152.85816	67.87884	0.3066	 	8.49278E21	 	3.00651E-22	 	842.263	29.1854	 
245.0	1.0	0.0	7.46803	7.12978	-10.98841	16.02537	19.18775	0.87993	1.13645	177.72316	153.00581	68.01972	0.30641	 	1.5323799999999998E22	 	1.65035E-22	 	696.878	29.077	 
240.0	1.0	0.0	7.46991	7.128	-11.01073	16.00506	19.12818	0.87415	1.14396	178.06368	153.15127	68.15978	0.30622	 	2.7969099999999997E22	 	8.95472E-23	 	552.053	28.965	 
235.0	1.0	0.0	7.47178	7.12621	-11.033	15.98476	19.0686	0.86834	1.15162	178.40199	153.29456	68.29905	0.30604	 	5.16582E22	 	4.80109E-23	 	407.759	28.8588	 
230.0	1.0	0.0	7.47365	7.12443	-11.05522	15.96445	19.00901	0.86249	1.15943	178.7381	153.43567	68.4375	0.30585	 	9.658239999999999E22	 	2.54265E-23	 	264.001	28.7516	 
225.0	1.0	0.0	7.47551	7.12266	-11.07739	15.94415	18.9494	0.85661	1.16739	179.07199	153.57462	68.57515	0.30566	 	1.82859E23	 	1.32963E-23	 	120.773	28.6456	 
220.0	1.0	0.0	7.47737	7.12088	-11.0995	15.92386	18.88979	0.85069	1.17552	179.40367	153.71141	68.712	0.30548	 	3.50717E23	 	6.86292E-24	 	-21.929	28.5404	 
215.0	1.0	0.0	7.47922	7.11912	-11.12156	15.90356	18.83016	0.84473	1.18381	179.73315	153.84605	68.84803	0.30529	 	6.81703E23	 	3.49498E-24	 	-164.109	28.436	 
210.0	1.0	0.0	7.48108	7.11736	-11.14356	15.88327	18.77052	0.83873	1.19228	180.06043	153.97854	68.98326	0.3051	 	1.34342E24	 	1.75533E-24	 	-305.77	28.3322	 
205.0	1.0	0.0	7.48292	7.1156	-11.16551	15.86299	18.71088	0.8327	1.20091	180.3855	154.10891	69.11769	0.30492	 	2.68528E24	 	8.69083E-25	 	-446.917	28.2294	 
200.0	1.0	0.0	7.48477	7.11384	-11.18741	15.8427	18.65122	0.82663	1.20974	180.70838	154.23715	69.25132	0.30473	 	5.44663E24	 	4.23992E-25	 	-587.553	28.1272	 
195.0	1.0	0.0	7.48661	7.11209	-11.20925	15.82242	18.59154	0.82052	1.21874	181.02908	154.36328	69.38414	0.30454	 	1.12158E25	 	2.03724E-25	 	-727.689	28.0272	 
190.0	1.0	0.0	7.48845	7.11035	-11.23104	15.80214	18.53186	0.81437	1.22795	181.34759	154.48732	69.51617	0.30436	 	2.34588E25	 	9.63613E-26	 	-867.304	27.923	 
185.0	1.0	0.0	7.49028	7.10861	-11.25277	15.78186	18.47217	0.80818	1.23735	181.66393	154.60927	69.6474	0.30417	 	4.9863100000000006E25	 	4.48452E-26	 	-1006.426	27.8244	 
180.0	1.0	0.0	7.49211	7.10687	-11.27445	15.76159	18.41246	0.80195	1.24696	181.9781	154.72915	69.77784	0.30398	 	1.07766E26	 	2.05234E-26	 	-1145.049	27.7246	 
175.0	1.0	0.0	7.49394	7.10514	-11.29608	15.74132	18.35274	0.79568	1.25678	182.29013	154.84697	69.90749	0.3038	 	2.3694700000000004E26	 	9.2312E-27	 	-1283.174	27.625	 
170.0	1.0	0.0	7.49576	7.10341	-11.31766	15.72105	18.29301	0.78937	1.26683	182.60002	154.96276	70.03636	0.30361	 	5.3033E26	 	4.07841E-27	 	-1420.806	27.5264	 
165.0	1.0	0.0	7.49758	7.10169	-11.33918	15.70078	18.23327	0.78303	1.2771	182.90778	155.07652	70.16445	0.30342	 	1.2089999999999999E27	 	1.76881E-27	 	-1557.945	27.4278	 
160.0	1.0	0.0	7.4994	7.09997	-11.36064	15.68052	18.17352	0.77664	1.28761	183.21343	155.18828	70.29177	0.30324	 	2.80914E27	 	7.52579E-28	 	-1694.593	27.3296	 
155.0	1.0	0.0	7.50121	7.09825	-11.38206	15.66026	18.11375	0.7702	1.29836	183.51699	155.29806	70.41832	0.30305	 	6.65689E27	 	3.13915E-28	 	-1830.752	27.2318	 
150.0	1.0	0.0	7.50302	7.09654	-11.40342	15.64	18.05397	0.76373	1.30936	183.81848	155.40588	70.54411	0.30286	 	1.6100000000000002E28	 	1.28279E-28	 	-1966.423	27.1342	 
145.0	1.0	0.0	7.50482	7.09483	-11.42472	15.61975	17.99418	0.75721	1.32063	184.11791	155.51177	70.66915	0.30268	 	3.97697E28	 	5.13176E-29	 	-2101.607	27.0368	 
140.0	1.0	0.0	7.50662	7.09313	-11.44597	15.5995	17.93437	0.75065	1.33217	184.41532	155.61574	70.79345	0.30249	 	1.0041200000000001E29	 	2.0082E-29	 	-2236.305	26.9396	 
135.0	1.0	0.0	7.50842	7.09143	-11.46717	15.57925	17.87455	0.74405	1.34399	184.71072	155.71783	70.91701	0.3023	 	2.5934500000000002E29	 	7.68121E-30	 	-2370.518	26.8426	 
130.0	1.0	0.0	7.51021	7.08974	-11.48832	15.559	17.81472	0.7374	1.35611	185.00415	155.81806	71.03986	0.30212	 	6.85788E29	 	2.86922E-30	 	-2504.245	26.7454	 
125.0	1.0	0.0	7.512	7.08805	-11.50941	15.53876	17.75487	0.73071	1.36853	185.29563	155.91646	71.16198	0.30193	 	1.85827E30	 	1.04574E-30	 	-2637.494	26.6498	 
120.0	1.0	0.0	7.51379	7.08637	-11.53045	15.51852	17.69502	0.72398	1.38126	185.5852	156.01308	71.28341	0.30174	 	5.16466E30	 	3.71538E-31	 	-2770.242	26.5496	 
115.0	1.0	0.0	7.51557	7.08469	-11.55143	15.49829	17.63514	0.7172	1.39432	185.87289	156.10793	71.40415	0.30156	 	1.47371E31	 	1.28551E-31	 	-2902.511	26.4538	 
110.0	1.0	0.0	7.51735	7.08301	-11.57236	15.47805	17.57525	0.71037	1.40772	186.15873	156.20106	71.52422	0.30137	 	4.32183E31	 	4.32701E-32	 	-3034.3	26.3578	 
105.0	1.0	0.0	7.51913	7.08134	-11.59324	15.45782	17.51535	0.7035	1.42147	186.44278	156.29251	71.64363	0.30118	 	1.30401E32	 	1.41537E-32	 	-3165.592	26.2584	 
100.0	1.0	0.0	7.5209	7.07967	-11.61406	15.43759	17.45544	0.69658	1.43559	186.72507	156.38231	71.7624	0.301	 	4.0527E32	 	4.49392E-33	 	-3296.385	26.1586	 
95.0	1.0	0.0	7.52267	7.078	-11.63483	15.41736	17.39551	0.68961	1.45009	187.00566	156.47052	71.88055	0.30081	 	1.29894E33	 	1.38332E-33	 	-3426.693	26.0616	 
90.0	1.0	0.0	7.52443	7.07635	-11.65555	15.39714	17.33556	0.6826	1.46499	187.28459	156.55719	71.9981	0.30062	 	4.29892E33	 	4.123E-34	 	-3556.505	25.9624	 
85.0	1.0	0.0	7.52619	7.07469	-11.67621	15.37692	17.2756	0.67554	1.4803	187.56193	156.64235	72.11507	0.30044	 	1.47111E34	 	1.18825E-34	 	-3685.826	25.8642	 
80.0	1.0	0.0	7.52795	7.07304	-11.69682	15.3567	17.21563	0.66843	1.49605	187.83772	156.72608	72.23148	0.30025	 	5.21266E34	 	3.30664E-35	 	-3814.63	25.7608	 
75.0	1.0	0.0	7.5297	7.07139	-11.71738	15.33649	17.15564	0.66127	1.51225	188.11204	156.80842	72.34735	0.30006	 	1.9153799999999997E35	 	8.87152E-36	 	-3942.934	25.6608	 
70.0	1.0	0.0	7.53145	7.06975	-11.73788	15.31628	17.09563	0.65406	1.52892	188.38496	156.88944	72.46272	0.29988	 	7.310069999999999E35	 	2.29113E-36	 	-4070.727	25.5586	 
65.0	1.0	0.0	7.53319	7.06811	-11.75833	15.29607	17.03561	0.6468	1.54608	188.65656	156.9692	72.57761	0.29969	 	2.9026199999999997E36	 	5.68599E-37	 	-4198.005	25.4556	 
60.0	1.0	0.0	7.53494	7.06648	-11.77873	15.27586	16.97558	0.63949	1.56375	188.9269	157.04779	72.69206	0.2995	 	1.20125E37	 	1.35361E-37	 	-4324.76	25.351	 
55.0	1.0	0.0	7.53667	7.06485	-11.79907	15.25566	16.91552	0.63213	1.58196	189.19609	157.12526	72.80609	0.29932	 	5.191299999999999E37	 	3.0852E-38	 	-4450.987	25.2454	 
50.0	1.0	0.0	7.53841	7.06322	-11.81936	15.23546	16.85545	0.62471	1.60073	189.46422	157.20171	72.91975	0.29913	 	2.3474099999999998E38	 	6.71896E-39	 	-4576.686	25.1398	 
45.0	1.0	0.0	7.54014	7.0616	-11.8396	15.21526	16.79537	0.61725	1.62009	189.73139	157.27722	73.03307	0.29894	 	1.11301E39	 	1.39515E-39	 	-4701.827	25.0282	 
40.0	1.0	0.0	7.54187	7.05999	-11.85978	15.19507	16.73527	0.60973	1.64007	189.9977	157.35189	73.14609	0.29875	 	5.546170000000001E39	 	2.75579E-40	 	-4826.424	24.9194	 
35.0	1.0	0.0	7.54359	7.05837	-11.87991	15.17488	16.67515	0.60216	1.66069	190.26329	157.42582	73.25887	0.29857	 	2.91154E40	 	5.16567E-41	 	-4950.459	24.807	 
30.0	1.0	0.0	7.54531	7.05677	-11.89998	15.15469	16.61501	0.59453	1.682	190.52826	157.4991	73.37144	0.29838	 	1.6143800000000002E41	 	9.16512E-42	 	-5073.923	24.6928	 
25.0	1.0	0.0	7.54702	7.05516	-11.92001	 	16.55486	0.58685	1.70401	190.79277	157.57187	73.48387	0.29819	 	9.480700000000001E41	 	1.5349E-42	 	-5196.804	 	 
