T (C)	Fraction solid (wt)-TOTAL	Fraction liquid (wt)-LIQUID	Density (g/(cm)^3)-TOTAL	Molar volume (cm^3)-TOTAL	Volume change (%)-  	Average expansion coeff. (10e-6 1/K)-  	Thermal conductivity (W/(m*K))-TOTAL	Electrical resistivity (10e-6 Ohm*m)-TOTAL	Electrical conductivity (10e6 1/(Ohm*m))-TOTAL	Young's modulus (GPa)-TOTAL	Bulk modulus (GPa)-TOTAL	Shear modulus(GPa)-TOTAL	Poisson's ratio-TOTAL	Liquid viscosity (mPa s)-  	Total viscosity (mPa s)-  	Liquid diffusivity (10e-9 (m^2)/s)-  	Total diffusivity (10e-9 (m^2)/s)-  	Surface Tension (mN/m)-  	Enthalpy (J/mole)-TOTAL	Specific heat (J/(mole K))-TOTAL	Latent heat (J/mole)-TOTAL
1500.0	0.0	1.0	7.01476	7.90561	0.0	27.41697	30.78271	1.87697	0.53277	0.0	107.48012	0.0	0.49974	6.87885	6.87885	1.2581	1.2581	1769.54151	64772.66	 	0.0
1495.0	0.0	1.0	7.01867	7.90122	-0.0555873	27.36888	30.70644	1.87632	0.53296	0.0	107.66558	0.0	0.49974	6.93962	6.93962	1.24357	1.24357	1771.33637	64552.048	44.1224	0.0
1490.0	0.0	1.0	7.02256	7.89683	-0.11102	27.32086	30.63017	1.87568	0.53314	0.0	107.85104	0.0	0.49974	7.00126	7.00126	1.22913	1.22913	1773.12824	64331.928	44.024	0.0
1485.0	0.0	1.0	7.02645	7.89246	-0.1663	27.2729	30.55389	1.87503	0.53333	0.0	108.0365	0.0	0.49974	7.06381	7.06381	1.2148	1.2148	1774.91709	64112.295	43.9266	0.0
1480.0	0.0	1.0	7.03033	7.88811	-0.22142	27.22502	30.47762	1.87437	0.53351	0.0	108.22196	0.0	0.49974	7.12728	7.12728	1.20055	1.20055	1776.7029	63893.148	43.8294	0.0
1475.0	0.0	1.0	7.03421	7.88376	-0.27639	27.1772	30.40135	1.87372	0.5337	0.0	108.40742	0.0	0.49974	7.19169	7.19169	1.18641	1.18641	1778.48562	63674.483	43.733	0.0
1470.0	0.0	1.0	7.03808	7.87943	-0.33121	27.12944	30.32508	1.87306	0.53389	0.0	108.59288	0.0	0.49974	7.25706	7.25706	1.17236	1.17236	1780.26522	63456.296	43.6374	0.0
1465.0	0.0	1.0	7.04194	7.87511	-0.38587	27.08176	30.24881	1.87239	0.53408	0.0	108.77834	0.0	0.49974	7.3234	7.3234	1.15841	1.15841	1782.04167	63238.585	43.5422	0.0
1460.0	0.0	1.0	7.04579	7.8708	-0.44038	27.03414	30.17253	1.87173	0.53427	0.0	108.9638	0.0	0.49974	7.39074	7.39074	1.14455	1.14455	1783.81493	63021.346	43.4478	0.0
1455.0	0.0	1.0	7.04964	7.8665	-0.49473	26.9866	30.09626	1.87106	0.53446	0.0	109.14926	0.0	0.49974	7.45909	7.45909	1.13079	1.13079	1785.58496	62804.576	43.354	0.0
1450.0	0.0	1.0	7.05348	7.86221	-0.54893	26.93913	30.01999	1.87038	0.53465	0.0	109.33472	0.0	0.49974	7.52847	7.52847	1.11713	1.11713	1787.35173	62588.304	43.2544	0.0
1445.0	0.0	1.0	7.05732	7.85794	-0.60298	26.89172	29.94372	1.8697	0.53484	0.0	109.52018	0.0	0.49974	7.59891	7.59891	1.10356	1.10356	1789.1152	62372.578	43.1452	0.0
1440.0	0.0	1.0	7.06115	7.85368	-0.65687	26.84439	29.86745	1.86902	0.53504	0.0	109.70564	0.0	0.49974	7.67042	7.67042	1.09009	1.09009	1790.87532	62157.389	43.0378	0.0
1435.0	0.0	1.0	7.06497	7.84943	-0.71061	26.79714	29.79117	1.86834	0.53523	0.0	109.8911	0.0	0.49974	7.74304	7.74304	1.07672	1.07672	1792.63207	61942.734	42.931	0.0
1430.0	0.0	1.0	7.06878	7.8452	-0.76419	26.74995	29.7149	1.86765	0.53543	0.0	110.07656	0.0	0.49974	7.81677	7.81677	1.06344	1.06344	1794.38541	61728.608	42.8252	0.0
1425.0	0.0	1.0	7.07259	7.84097	-0.81762	26.70285	29.63863	1.86696	0.53563	0.0	110.26202	0.0	0.49974	7.89164	7.89164	1.05026	1.05026	1796.13528	61515.009	42.7198	0.0
1423.31	0.0	1.0	7.07387	7.83955	-0.8356	26.68697	29.61292	1.86673	0.5357	0.0	110.32454	0.0	0.49974	7.91715	7.91715	1.04583	1.04583	1796.7244	61443.116	42.6525	0.0060
1420.0	0.099391	0.90061	7.09268	7.81867	-1.09974	26.04265	30.05696	1.83556	0.54479	0.00593224	106.95911	0.00199724	0.48511	7.9466	9.45839	1.03992	0.87371	1796.03634	60431.5	305.214	870.432
1415.0	0.22486	0.77514	7.11696	7.79208	-1.43614	25.23174	30.62848	1.79599	0.5568	0.15849	102.77816	0.0540361	0.46651	7.99214	21.89996	1.03094	0.37623	1795.0708	59123.706	261.559	1965.67
1414.65	0.23231	0.76769	7.1184	7.79054	-1.45562	25.18564	30.66262	1.79362	0.55753	0.18077	102.53393	0.061678	0.4654	7.99555	23.60773	1.03029	0.34894	1795.00633	59044.049	 	2030.588
1410.0	0.38714	0.61286	7.14555	7.7609	-1.83046	24.25865	31.10912	1.763	0.56721	0.86026	99.65941	0.29799	0.44344	8.04872	156.23773	1.02066	0.0525804	1792.42432	57233.993	377.943	3643.342
1405.0	0.50693	0.49307	7.16739	7.73725	-2.12959	23.53637	31.45277	1.73856	0.57519	2.60171	97.67114	0.91207	0.42626	8.10636	503.95026	1.0104	0.0162529	1789.89303	55780.949	290.609	4884.856
1400.0	0.59448	0.40552	7.18406	7.71933	-2.35633	23.00558	31.69675	1.72004	0.58138	5.56371	96.3794	1.96796	0.41357	8.16516	1037.34836	1.00013	0.00787222	1787.57965	54668.429	222.504	5786.354
1395.0	0.66032	0.33968	7.19725	7.7052	-2.53507	22.6019	31.86753	1.70571	0.58627	9.56431	95.54046	3.40626	0.40393	8.22512	1702.3536	0.98987	0.00478269	1785.45985	53784.974	176.691	6459.292
1390.0	0.71105	0.28895	7.20807	7.69365	-2.6812	22.28454	31.98705	1.69424	0.59024	14.2332	95.00883	5.09629	0.39643	8.28558	2453.8592	0.97971	0.00330802	1783.51383	53060.606	144.874	6973.643
1385.0	0.75093	0.24907	7.21712	7.68404	-2.80268	22.03261	32.06921	1.68482	0.59354	19.18252	94.6939	6.89788	0.39047	8.34759	3261.3035	0.9695	0.00248153	1781.71674	52450.137	122.094	7374.594
1380.0	0.78285	0.21715	7.22492	7.67577	-2.90734	21.82522	32.12316	1.67692	0.59633	24.11761	94.5338	8.70272	0.38564	8.4105	4107.29776	0.95935	0.00196446	1780.05706	51923.17	105.393	7692.537
1375.0	0.80878	0.19122	7.23176	7.66852	-2.99909	21.65202	32.15558	1.67016	0.59874	28.84589	94.48841	10.43883	0.38166	8.47425	4982.58853	0.94925	0.00161446	1778.51851	51458.769	92.8802	7948.406
1370.0	0.83015	0.16985	7.23786	7.66208	-3.08054	21.50617	32.1714	1.66427	0.60086	33.26873	94.52907	12.06837	0.37834	8.5396	5884.13839	0.93913	0.00136295	1777.08531	51042.017	83.3504	8157.115
1365.0	0.84807	0.15193	7.24341	7.65624	-3.15442	21.38033	32.17451	1.65905	0.60275	37.36748	94.63479	13.58299	0.37553	8.60613	6815.23703	0.92904	0.00117317	1775.74582	50661.492	76.105	8330.082
1360.0	0.86325	0.13675	7.24855	7.65083	-3.22282	21.26891	32.16735	1.65435	0.60447	41.13954	94.79105	14.98055	0.3731	8.67353	7778.55966	0.919	0.00102474	1774.49429	50309.565	70.3854	8474.934
1355.0	0.87625	0.12375	7.25334	7.64582	-3.28622	21.17068	32.15789	1.64977	0.60614	44.60236	94.98717	16.26651	0.37099	8.7425	8778.17398	0.90896	9.05268E-4	1773.31568	49980.542	65.8046	8597.36
1350.93	0.8854	0.1146	7.257	7.64199	-3.33462	21.09929	32.14037	1.64654	0.60733	47.18069	95.17108	17.22582	0.36948	8.79978	9616.64581	0.90079	8.2427E-4	1772.40126	49727.542	 	8682.416
1350.0	0.88809	0.11191	7.25814	7.6408	-3.34966	21.0716	32.13948	1.64565	0.60766	47.95257	95.20101	17.51321	0.36904	8.8165	9843.63238	0.89856	8.04804E-4	1772.4149	49662.49	63.6104	8709.293
1345.0	0.90134	0.0986567	7.26396	7.63471	-3.42665	20.93341	32.12943	1.64109	0.60935	51.89252	95.38879	18.98229	0.36687	8.90736	11097.23119	0.88666	7.1169E-4	1772.50858	49325.892	67.3196	8840.244
1340.0	0.91241	0.0875931	7.26924	7.6292	-3.49643	20.81468	32.1104	1.63699	0.61088	55.37636	95.6168	20.2842	0.36501	8.99964	12381.96349	0.87486	6.35875E-4	1772.61674	49013.482	62.482	8947.479
1335.0	0.92177	0.0782289	7.27411	7.62413	-3.56053	20.71123	32.08435	1.63324	0.61228	58.48062	95.87581	21.44649	0.36341	9.0934	13708.53373	0.86315	5.72562E-4	1772.73602	48720.004	58.6956	9036.25
1330.0	0.92978	0.0702187	7.27864	7.61942	-3.6201	20.61998	32.05267	1.62977	0.61358	61.26624	96.15918	22.49123	0.362	9.18905	15086.23348	0.85151	5.18657E-4	1772.86432	48441.586	55.6836	9110.424
1325.0	0.9367	0.0633015	7.28292	7.61498	-3.67624	20.53785	32.0164	1.62653	0.6148	63.78483	96.46197	23.43723	0.36076	9.28578	16524.63609	0.84001	4.72033E-4	1773.00405	48175.327	53.2518	9172.902
1320.0	0.94272	0.0572759	7.28697	7.61078	-3.72943	20.46364	31.97646	1.62347	0.61596	66.0774	96.78009	24.29948	0.35965	9.38451	18032.65648	0.82857	4.31205E-4	1773.15024	47919.014	51.2626	9225.893
1315.0	0.94801	0.0519875	7.29086	7.60676	-3.78029	20.39558	31.93336	1.62056	0.61707	68.17891	97.11105	25.09082	0.35864	9.48486	19620.27063	0.81724	3.95069E-4	1773.30406	47670.937	49.6154	9271.104
1310.0	0.95269	0.0473144	7.2946	7.60289	-3.82919	20.3327	31.88769	1.61777	0.61813	70.11671	97.45234	25.8213	0.35773	9.58684	21296.62418	0.806	3.62826E-4	1773.46363	47429.755	48.2364	9309.874
1305.0	0.95684	0.0431593	7.29823	7.59915	-3.87654	20.27386	31.83983	1.61508	0.61916	71.91464	97.80215	26.49973	0.35689	9.69045	23071.61633	0.79486	3.33854E-4	1773.63103	47194.403	47.0704	9343.265
1300.0	0.96055	0.0394451	7.30175	7.59552	-3.92242	20.21888	31.79011	1.61249	0.62016	73.59117	98.15936	27.13291	0.35612	9.79622	24955.64002	0.78379	3.07672E-4	1773.79948	46964.026	46.0754	9372.129
1295.0	0.96389	0.0361073	7.30518	7.59199	-3.96713	20.1669	31.7388	1.60996	0.62113	75.16261	98.52256	27.72691	0.35541	9.90366	26959.29884	0.77282	2.839E-4	1773.97199	46737.933	45.2186	9397.155
1290.0	0.9669	0.0330985	7.30855	7.58853	-4.01089	20.11729	31.68608	1.6075	0.62209	76.64146	98.89084	28.28634	0.35474	10.01288	29093.69729	0.76195	2.62234E-4	1774.1508	46515.581	44.4704	9418.882
1285.0	0.96963	0.0303715	7.31184	7.58514	-4.05374	20.07	31.63219	1.60508	0.62302	78.03929	99.26344	28.81552	0.35412	10.12437	31370.97785	0.75115	2.4242E-4	1774.33042	46296.472	43.8218	9437.807
1280.0	0.97211	0.0278913	7.31508	7.58181	-4.09581	20.02467	31.57722	1.60272	0.62394	79.36622	99.63994	29.31819	0.35353	10.23766	33804.50766	0.74046	2.24246E-4	1774.511	46080.217	43.251	9454.315
1275.0	0.97437	0.0256258	7.31828	7.57854	-4.13727	19.98082	31.52137	1.60039	0.62485	80.63084	100.01942	29.79758	0.35298	10.35324	36407.75383	0.72983	2.07542E-4	1774.69564	45866.491	42.7452	9468.729
1270.0	0.97645	0.0235516	7.32143	7.57531	-4.17808	19.93852	31.46468	1.59809	0.62575	81.83919	100.40179	30.25591	0.35245	10.47077	39195.97707	0.71931	1.92156E-4	1774.87827	45655.019	42.2944	9481.322
1265.0	0.97835	0.0216458	7.32454	7.57212	-4.21847	19.89719	31.40727	1.59583	0.62663	82.99783	100.78641	30.69564	0.35195	10.59017	42184.91266	0.7089	1.77962E-4	1775.06817	45445.567	41.8904	9492.325
1260.0	0.98011	0.0198899	7.32762	7.56897	-4.2583	19.85718	31.34921	1.59359	0.62752	84.11176	101.17323	31.11864	0.35147	10.71204	45392.4272	0.69855	1.6485E-4	1775.25285	45237.936	41.5262	9501.936
1259.12	0.98041	0.0195924	7.32816	7.56841	-4.26533	19.85009	31.33892	1.59319	0.62767	84.30495	101.24147	31.19203	0.35139	10.73397	45982.17234	0.69672	1.62642E-4	1775.28524	45201.515	 	9503.511
1255.0	0.98233	0.0176713	7.33086	7.56567	-4.30006	19.81102	31.29458	1.59116	0.62847	85.41454	101.55947	31.61371	0.35091	10.84525	48949.82308	0.68772	1.52371E-4	1774.82906	45023.426	42.902	9518.85
1250.0	0.98442	0.0155829	7.33409	7.56238	-4.34161	19.76509	31.23942	1.58876	0.62942	86.6836	101.94805	32.09626	0.35037	10.98317	52780.04671	0.67686	1.40851E-4	1774.3075	44810.444	42.5964	9534.658
1245.0	0.98628	0.0137221	7.33728	7.55914	-4.38264	19.72038	31.18307	1.5864	0.63036	87.87783	102.33864	32.55063	0.34986	11.12326	56880.96292	0.66615	1.30267E-4	1773.82312	44600.526	41.9836	9547.823
1240.0	0.98794	0.012055	7.34044	7.55593	-4.42317	19.67688	31.12574	1.58409	0.63128	89.00908	102.73101	32.98126	0.34939	11.26609	61279.23781	0.65553	1.20519E-4	1773.36524	44393.232	41.4588	9558.791
1235.0	0.98945	0.0105506	7.34358	7.55276	-4.46331	19.63418	31.06752	1.58181	0.63219	90.08744	103.12481	33.39197	0.34894	11.41165	66004.50532	0.64503	1.11521E-4	1772.93466	44188.206	41.0052	9567.918
1230.0	0.99082	0.0091849	7.34669	7.54961	-4.50314	19.5921	31.00861	1.57957	0.63309	91.12065	103.5197	33.78569	0.34851	11.55959	71085.80177	0.63467	1.03206E-4	1772.53688	43985.158	40.6096	9575.491
1225.0	0.99206	0.0079384	7.34979	7.54648	-4.54269	19.55054	30.94907	1.57734	0.63398	92.11501	103.91545	34.16477	0.3481	11.71044	76557.0673	0.62441	9.55117E-5	1772.16048	43783.851	40.2614	9581.747
1220.0	0.99321	0.00679347	7.35287	7.54338	-4.582	19.5094	30.88899	1.57513	0.63487	93.07597	104.31193	34.5313	0.3477	11.8642	82453.68899	0.61426	8.83853E-5	1771.80882	43584.088	39.9526	9586.879
1215.0	0.99426	0.00573768	7.35594	7.54029	-4.62109	19.4686	30.82845	1.57294	0.63575	94.00805	104.70904	34.88696	0.34732	12.02047	88814.29335	0.60424	8.17806E-5	1771.48056	43385.704	39.6768	9591.051
1210.0	0.99524	0.00475964	7.35899	7.53721	-4.66002	19.42794	30.76752	1.57076	0.63663	94.91568	105.10649	35.23345	0.34695	12.17984	95681.96959	0.59433	7.56557E-5	1771.17307	43188.561	39.4286	9594.397
1205.0	0.99615	0.00384899	7.36204	7.53414	-4.69877	19.38752	30.70625	1.56859	0.63752	95.80137	105.50433	35.5717	0.3466	12.34238	103101.757	0.58453	6.99744E-5	1770.88274	42992.542	39.2038	9597.032
1200.0	0.997	0.00299745	7.36509	7.53109	-4.73739	19.34716	30.64466	1.56643	0.6384	96.66827	105.90239	35.90291	0.34625	12.50807	111125.0756	0.57484	6.47026E-5	1770.61149	42797.548	38.9988	9599.055
1195.0	0.9978	0.00219879	7.36812	7.52805	-4.77592	19.30677	30.58279	1.56427	0.63928	97.51886	106.30055	36.22802	0.3459	12.67659	119807.2808	0.56527	5.981E-5	1770.36066	42603.493	38.811	9600.547
1190.0	0.99855	0.00144577	7.37115	7.52501	-4.81431	19.26646	30.52069	1.56211	0.64016	98.35509	106.69892	36.54777	0.34557	12.84834	129208.1435	0.55581	5.52695E-5	1770.12483	42410.304	38.6378	9601.58
1189.21	0.9987	0.00130243	7.37166	7.5245	-4.82071	19.25906	30.51091	1.56176	0.6403	98.49948	106.76209	36.60299	0.34551	12.87614	130788.611	0.55431	5.4572E-5	1770.08636	42379.571	 	9601.814
1185.0	0.99934	6.62561E-4	7.37422	7.5218	-4.85489	19.21875	30.45947	1.5599	0.64107	99.23066	107.10094	36.88292	0.34521	13.14226	139427.5403	0.54153	5.10435E-5	1769.23564	42212.179	39.625	9607.953
1180.0	1.0	0.0	7.37725	7.51862	-4.8951	19.17181	30.39808	1.55769	0.64197	100.05966	107.50324	37.2004	0.34487	 	150454.5168	 	4.71403E-5	 	42014.917	39.4524	9613.866
1175.0	1.0	0.0	7.37965	7.51618	-4.926	19.15475	30.33317	1.55566	0.64282	100.56366	107.90283	37.39345	0.34467	 	161977.0679	 	4.36362E-5	 	41808.265	41.3304	 
1170.0	1.0	0.0	7.38204	7.51374	-4.95684	19.13771	30.26826	1.55361	0.64366	101.06825	108.30201	37.58678	0.34447	 	174474.7646	 	4.03706E-5	 	41621.588	37.3354	 
1165.0	1.0	0.0	7.38443	7.51131	-4.98764	19.12067	30.20334	1.55155	0.64451	101.57341	108.70076	37.78038	0.34426	 	188037.6984	 	3.7329E-5	 	41435.13	37.2916	 
1160.0	1.0	0.0	7.38682	7.50888	-5.01839	19.10364	30.13841	1.54949	0.64537	102.07912	109.09905	37.97424	0.34406	 	202764.9643	 	3.44973E-5	 	41248.91	37.244	 
1155.0	1.0	0.0	7.38921	7.50645	-5.04909	19.08661	30.07349	1.54742	0.64624	102.58536	109.49687	38.16836	0.34385	 	218765.6281	 	3.18626E-5	 	41062.938	37.1944	 
1150.0	1.0	0.0	7.3916	7.50403	-5.07974	19.0696	30.00856	1.54534	0.64711	103.09212	109.89421	38.36273	0.34365	 	236159.8031	 	2.94125E-5	 	40877.217	37.1442	 
1145.0	1.0	0.0	7.39398	7.50161	-5.11035	19.05259	29.94363	1.54325	0.64798	103.59938	110.29104	38.55734	0.34345	 	255079.8518	 	2.71352E-5	 	40691.747	37.094	 
1140.0	1.0	0.0	7.39637	7.49919	-5.14091	19.03559	29.8787	1.54115	0.64887	104.10712	110.68735	38.7522	0.34324	 	275671.7275	 	2.50197E-5	 	40506.526	37.0442	 
1135.0	1.0	0.0	7.39874	7.49678	-5.17142	19.0186	29.81376	1.53904	0.64976	104.61532	111.08312	38.94728	0.34304	 	298096.4715	 	2.30557E-5	 	40321.552	36.9948	 
1130.0	1.0	0.0	7.40112	7.49437	-5.20188	19.00161	29.74882	1.53692	0.65065	105.12397	111.47834	39.14259	0.34283	 	322531.8879	 	2.12333E-5	 	40136.825	36.9454	 
1125.0	1.0	0.0	7.4035	7.49197	-5.2323	18.98463	29.68388	1.5348	0.65155	105.63305	111.87299	39.33812	0.34263	 	349174.4153	 	1.95433E-5	 	39952.343	36.8964	 
1120.0	1.0	0.0	7.40587	7.48957	-5.26266	18.96766	29.61893	1.53266	0.65246	106.14254	112.26706	39.53387	0.34243	 	378241.2229	 	1.79769E-5	 	39768.105	36.8476	 
1115.0	1.0	0.0	7.40824	7.48717	-5.29298	18.9507	29.55398	1.53052	0.65337	106.65242	112.66052	39.72981	0.34222	 	409972.5572	 	1.6526E-5	 	39584.108	36.7994	 
1110.0	1.0	0.0	7.41061	7.48478	-5.32326	18.93374	29.48903	1.52836	0.65429	107.16269	113.05337	39.92596	0.34202	 	444634.3725	 	1.51828E-5	 	39400.353	36.751	 
1105.0	1.0	0.0	7.41298	7.48239	-5.35348	18.91679	29.42407	1.5262	0.65522	107.67331	113.44558	40.12231	0.34181	 	482521.2813	 	1.39401E-5	 	39216.836	36.7034	 
1100.0	1.0	0.0	7.41534	7.48	-5.38366	18.89985	29.35911	1.52403	0.65616	108.18428	113.83715	40.31884	0.34161	 	523959.8656	 	1.27911E-5	 	39033.558	36.6556	 
1095.0	1.0	0.0	7.4177	7.47762	-5.41379	18.88292	29.29415	1.52185	0.6571	108.69557	114.22805	40.51555	0.34141	 	569312.3966	 	1.17292E-5	 	38850.515	36.6086	 
1090.0	1.0	0.0	7.42006	7.47524	-5.44387	18.86599	29.22919	1.51965	0.65804	109.20717	114.61828	40.71244	0.3412	 	618981.0155	 	1.07486E-5	 	38667.707	36.5616	 
1085.0	1.0	0.0	7.42242	7.47287	-5.47391	18.84907	29.16422	1.51745	0.659	109.71907	115.00781	40.90949	0.341	 	673412.437	 	9.84359E-6	 	38485.133	36.5148	 
1080.0	1.0	0.0	7.42478	7.47049	-5.50389	18.83216	29.09924	1.51524	0.65996	110.23124	115.39663	41.10671	0.34079	 	733103.2439	 	9.00881E-6	 	38302.789	36.4688	 
1075.0	1.0	0.0	7.42713	7.46813	-5.53384	18.81526	29.03427	1.51302	0.66093	110.74367	115.78473	41.30409	0.34059	 	798605.8524	 	8.23934E-6	 	38120.675	36.4228	 
1070.0	1.0	0.0	7.42948	7.46576	-5.56373	18.79836	28.96929	1.51079	0.6619	111.25634	116.17209	41.50161	0.34039	 	870535.2376	 	7.53052E-6	 	37938.789	36.3772	 
1065.0	1.0	0.0	7.43183	7.46341	-5.59357	18.78147	28.90431	1.50855	0.66289	111.76924	116.5587	41.69929	0.34018	 	949576.5229	 	6.87799E-6	 	37757.13	36.3318	 
1060.0	1.0	0.0	7.43418	7.46105	-5.62337	18.76459	28.83932	1.5063	0.66388	112.28236	116.94454	41.8971	0.33998	 	1036493.55	 	6.27768E-6	 	37575.695	36.287	 
1055.0	1.0	0.0	7.43652	7.4587	-5.65312	18.74772	28.77433	1.50404	0.66488	112.79566	117.32961	42.09504	0.33977	 	1132138.566	 	5.72577E-6	 	37394.483	36.2424	 
1050.0	1.0	0.0	7.43886	7.45635	-5.68283	18.73085	28.70934	1.50177	0.66588	113.30914	117.71388	42.29311	0.33957	 	1237463.174	 	5.21871E-6	 	37213.492	36.1982	 
1045.0	1.0	0.0	7.4412	7.454	-5.71249	18.71399	28.64435	1.49949	0.66689	113.82279	118.09734	42.4913	0.33937	 	1353530.743	 	4.75317E-6	 	37032.72	36.1544	 
1040.0	1.0	0.0	7.44354	7.45166	-5.7421	18.69714	28.57935	1.4972	0.66791	114.33658	118.47998	42.6896	0.33916	 	1481530.451	 	4.32604E-6	 	36852.164	36.1112	 
1035.0	1.0	0.0	7.44588	7.44933	-5.77166	18.6803	28.51434	1.4949	0.66894	114.85049	118.86178	42.88801	0.33896	 	1622793.217	 	3.93442E-6	 	36671.824	36.068	 
1030.0	1.0	0.0	7.44821	7.44699	-5.80117	18.66346	28.44934	1.49259	0.66998	115.36453	119.24274	43.08653	0.33875	 	1778809.783	 	3.57562E-6	 	36491.698	36.0252	 
1025.0	1.0	0.0	7.45054	7.44466	-5.83064	18.64663	28.38433	1.49027	0.67102	115.87865	119.62284	43.28514	0.33855	 	1951251.25	 	3.24712E-6	 	36311.782	35.9832	 
1020.0	1.0	0.0	7.45287	7.44234	-5.86006	18.62981	28.31932	1.48793	0.67207	116.39286	120.00206	43.48385	0.33835	 	2141992.413	 	2.94658E-6	 	36132.075	35.9414	 
1015.0	1.0	0.0	7.45519	7.44002	-5.88944	18.613	28.2543	1.48559	0.67313	116.90714	120.38039	43.68263	0.33814	 	2353138.33	 	2.67181E-6	 	35952.576	35.8998	 
1010.0	1.0	0.0	7.45752	7.4377	-5.91877	18.59619	28.18928	1.48324	0.6742	117.42146	120.75782	43.8815	0.33794	 	2587054.558	 	2.4208E-6	 	35773.281	35.859	 
1005.0	1.0	0.0	7.45984	7.43538	-5.94805	18.57939	28.12425	1.48088	0.67528	117.93582	121.13434	44.08044	0.33773	 	2846401.631	 	2.19166E-6	 	35594.188	35.8186	 
1000.0	1.0	0.0	7.46216	7.43307	-5.97728	18.5626	28.05923	1.4785	0.67636	118.4502	121.50993	44.27945	0.33753	 	3134174.381	 	1.98264E-6	 	35415.296	35.7784	 
995.0	1.0	0.0	7.46448	7.43076	-6.00647	18.54582	27.99419	1.47612	0.67745	118.96457	121.88459	44.47852	0.33733	 	3453746.846	 	1.79212E-6	 	35236.601	35.739	 
990.0	1.0	0.0	7.46679	7.42846	-6.03561	18.52904	27.92916	1.47372	0.67856	119.47894	122.25829	44.67764	0.33712	 	3808923.585	 	1.6186E-6	 	35058.102	35.6998	 
985.0	1.0	0.0	7.4691	7.42616	-6.0647	18.51227	27.86412	1.47131	0.67967	119.99328	122.63103	44.87682	0.33692	 	4203998.387	 	1.46069E-6	 	34879.795	35.6614	 
980.0	1.0	0.0	7.47141	7.42386	-6.09375	18.49551	27.79908	1.46889	0.68078	120.50757	123.0028	45.07604	0.33671	 	4643821.492	 	1.31709E-6	 	34701.679	35.6232	 
975.0	1.0	0.0	7.47372	7.42157	-6.12275	18.47876	27.73403	1.46646	0.68191	121.0218	123.37357	45.2753	0.33651	 	5133876.633	 	1.18661E-6	 	34523.751	35.5856	 
970.0	1.0	0.0	7.47603	7.41928	-6.1517	18.46201	27.66898	1.46402	0.68305	121.53596	123.74335	45.47459	0.33631	 	5680369.417	 	1.06815E-6	 	34346.008	35.5486	 
965.0	1.0	0.0	7.47833	7.417	-6.18061	18.44527	27.60393	1.46157	0.68419	122.05003	124.11212	45.6739	0.3361	 	6290328.825	 	9.60697E-7	 	34168.447	35.5122	 
960.0	1.0	0.0	7.48063	7.41471	-6.20947	18.42854	27.53887	1.45911	0.68535	122.56399	124.47986	45.87324	0.3359	 	6971723.865	 	8.63301E-7	 	33991.066	35.4762	 
955.0	1.0	0.0	7.48293	7.41244	-6.23828	18.41182	27.47381	1.45663	0.68651	123.07783	124.84657	46.0726	0.33569	 	7733597.807	 	7.75098E-7	 	33813.861	35.441	 
950.0	1.0	0.0	7.48523	7.41016	-6.26705	18.3951	27.40874	1.45415	0.68769	123.59154	125.21223	46.27196	0.33549	 	8586222.783	 	6.95287E-7	 	33636.83	35.4062	 
945.0	1.0	0.0	7.48752	7.40789	-6.29577	18.37839	27.34367	1.45165	0.68887	124.1051	125.57684	46.47133	0.33529	 	9541278.028	 	6.23133E-7	 	33459.969	35.3722	 
940.0	1.0	0.0	7.48981	7.40563	-6.32444	18.36169	27.2786	1.44914	0.69006	124.61849	125.94037	46.6707	0.33508	 	1.061205559E7	 	5.57958E-7	 	33283.276	35.3386	 
935.0	1.0	0.0	7.4921	7.40336	-6.35307	18.345	27.21352	1.44662	0.69127	125.13169	126.30283	46.87006	0.33488	 	1.181369798E7	 	4.99139E-7	 	33106.748	35.3056	 
930.0	1.0	0.0	7.49439	7.4011	-6.38165	18.32831	27.14844	1.44408	0.69248	125.64471	126.66419	47.06941	0.33467	 	1.316347305E7	 	4.46104E-7	 	32930.38	35.2736	 
925.0	1.0	0.0	7.49668	7.39885	-6.41018	18.31163	27.08335	1.44154	0.6937	126.1575	127.02445	47.26874	0.33447	 	1.46810922E7	 	3.98327E-7	 	32754.169	35.2422	 
920.0	1.0	0.0	7.49896	7.3966	-6.43867	18.29496	27.01826	1.43898	0.69494	126.67008	127.3836	47.46804	0.33427	 	1.638907917E7	 	3.55326E-7	 	32578.112	35.2114	 
915.0	1.0	0.0	7.50124	7.39435	-6.46711	18.2783	26.95317	1.43641	0.69618	127.18241	127.74162	47.66732	0.33406	 	1.831319803E7	 	3.1666E-7	 	32402.206	35.1812	 
910.0	1.0	0.0	7.50352	7.3921	-6.49551	18.26164	26.88807	1.43383	0.69743	127.69448	128.0985	47.86656	0.33386	 	2.048295015E7	 	2.81925E-7	 	32226.445	35.1522	 
905.0	1.0	0.0	7.50579	7.38986	-6.52385	18.24499	26.82297	1.43124	0.6987	128.20628	128.45424	48.06576	0.33366	 	2.293215228E7	 	2.50751E-7	 	32050.828	35.1234	 
900.0	1.0	0.0	7.50806	7.38762	-6.55216	18.22835	26.75787	1.42863	0.69997	128.71779	128.80882	48.26491	0.33345	 	2.569960936E7	 	2.22799E-7	 	31875.348	35.096	 
895.0	1.0	0.0	7.51034	7.38539	-6.58041	18.21172	26.69276	1.42601	0.70126	129.229	129.16223	48.46401	0.33325	 	2.882989879E7	 	1.97762E-7	 	31700.003	35.069	 
890.0	1.0	0.0	7.5126	7.38316	-6.60862	18.19509	26.62764	1.42338	0.70255	129.7399	129.51446	48.66305	0.33304	 	3.237428552E7	 	1.75357E-7	 	31524.788	35.043	 
885.0	1.0	0.0	7.51487	7.38093	-6.63679	18.17847	26.56253	1.42074	0.70386	130.25046	129.8655	48.86203	0.33284	 	3.639179098E7	 	1.55327E-7	 	31349.699	35.0178	 
880.0	1.0	0.0	7.51713	7.37871	-6.6649	18.16186	26.4974	1.41808	0.70518	130.76067	130.21534	49.06094	0.33264	 	4.095044341E7	 	1.3744E-7	 	31174.73	34.9938	 
875.0	1.0	0.0	7.5194	7.37649	-6.69297	18.14526	26.43228	1.41541	0.70651	131.27053	130.56397	49.25977	0.33243	 	4.612874189E7	 	1.21483E-7	 	30999.878	34.9704	 
870.0	1.0	0.0	7.52166	7.37428	-6.721	18.12866	26.36715	1.41273	0.70785	131.78	130.91138	49.45852	0.33223	 	5.201737283E7	 	1.07261E-7	 	30825.136	34.9484	 
865.0	1.0	0.0	7.52391	7.37206	-6.74898	18.11207	26.30202	1.41003	0.70921	132.28909	131.25756	49.65719	0.33202	 	5.872122488E7	 	9.46E-8	 	30650.501	34.927	 
860.0	1.0	0.0	7.52617	7.36986	-6.77691	18.09549	26.23688	1.40732	0.71057	132.79777	131.6025	49.85577	0.33182	 	6.636175711E7	 	8.33405E-8	 	30475.966	34.907	 
855.0	1.0	0.0	7.52842	7.36765	-6.8048	18.07891	26.17174	1.4046	0.71195	133.30603	131.94619	50.05424	0.33162	 	7.507978575E7	 	7.33382E-8	 	30301.527	34.8878	 
850.0	1.0	0.0	7.53067	7.36545	-6.83264	18.06235	26.10659	1.40186	0.71334	133.81386	132.28862	50.25262	0.33141	 	8.503876802E7	 	6.44626E-8	 	30127.176	34.8702	 
845.0	1.0	0.0	7.53292	7.36325	-6.86043	18.04579	26.04144	1.39911	0.71474	134.32123	132.62978	50.45089	0.33121	 	9.642867627E7	 	5.65953E-8	 	29952.909	34.8534	 
840.0	1.0	0.0	7.53516	7.36106	-6.88818	18.02924	25.97629	1.39635	0.71615	134.82815	132.96965	50.64904	0.331	 	1.094705749E8	 	4.96299E-8	 	29778.719	34.838	 
835.0	1.0	0.0	7.5374	7.35887	-6.91589	18.01269	25.91114	1.39357	0.71758	135.33459	133.30824	50.84708	0.3308	 	1.244220343E8	 	4.34698E-8	 	29604.6	34.8238	 
830.0	1.0	0.0	7.53964	7.35668	-6.94354	17.99616	25.84598	1.39078	0.71902	135.84053	133.64554	51.04499	0.3306	 	1.415835443E8	 	3.80284E-8	 	29430.544	34.8112	 
825.0	1.0	0.0	7.54188	7.3545	-6.97116	17.97963	25.78081	1.38798	0.72047	136.34597	133.98152	51.24278	0.33039	 	1.613061207E8	 	3.32275E-8	 	29256.545	34.7998	 
820.0	1.0	0.0	7.54412	7.35232	-6.99872	17.9631	25.71565	1.38516	0.72194	136.85089	134.31618	51.44042	0.33019	 	1.840003403E8	 	2.89967E-8	 	29082.595	34.79	 
815.0	1.0	0.0	7.54635	7.35014	-7.02624	17.94659	25.65048	1.38233	0.72342	137.35527	134.64952	51.63793	0.32998	 	2.101470877E8	 	2.52727E-8	 	28908.687	34.7816	 
810.0	1.0	0.0	7.54858	7.34797	-7.05372	17.93008	25.5853	1.37948	0.72491	137.8591	134.98153	51.83529	0.32978	 	2.403103552E8	 	2.1999E-8	 	28734.811	34.7752	 
805.0	1.0	0.0	7.55081	7.3458	-7.08114	17.91358	25.52013	1.37662	0.72642	138.36237	135.31219	52.0325	0.32958	 	2.751525108E8	 	1.91246E-8	 	28560.961	34.77	 
800.0	1.0	0.0	7.55303	7.34364	-7.10853	17.89709	25.45495	1.37374	0.72794	138.86507	135.6415	52.22956	0.32937	 	3.154525369E8	 	1.6604E-8	 	28387.126	34.767	 
795.0	1.0	0.0	7.55526	7.34148	-7.13586	17.88061	25.38976	1.37085	0.72947	139.36717	135.96944	52.42645	0.32917	 	3.62127848E8	 	1.43965E-8	 	28213.298	34.7656	 
790.0	1.0	0.0	7.55748	7.33932	-7.16315	17.86413	25.32458	1.36795	0.73102	139.86867	136.29601	52.62317	0.32896	 	4.162604309E8	 	1.24657E-8	 	28039.466	34.7664	 
785.0	1.0	0.0	7.5597	7.33717	-7.1904	17.84766	25.25939	1.36503	0.73258	140.36955	136.62121	52.81973	0.32876	 	4.79128209E8	 	1.07791E-8	 	27865.62	34.7692	 
780.0	1.0	0.0	7.56191	7.33502	-7.2176	17.8312	25.19419	1.3621	0.73416	140.8698	136.94501	53.0161	0.32856	 	5.52242734E8	 	9.3078E-9	 	27691.749	34.7742	 
775.0	1.0	0.0	7.56413	7.33287	-7.24476	17.81475	25.129	1.35915	0.73576	141.3694	137.26742	53.21229	0.32835	 	6.373945496E8	 	8.02605E-9	 	27517.842	34.7814	 
770.0	1.0	0.0	7.56634	7.33073	-7.27186	17.7983	25.0638	1.35618	0.73736	141.86834	137.58843	53.40829	0.32815	 	7.367078765E8	 	6.91096E-9	 	27343.886	34.7912	 
765.0	1.0	0.0	7.56855	7.32859	-7.29893	17.78186	24.9986	1.3532	0.73899	142.3666	137.90802	53.6041	0.32794	 	8.527066386E8	 	5.9422E-9	 	27169.868	34.8036	 
760.0	1.0	0.0	7.57075	7.32645	-7.32595	17.76543	24.93339	1.3502	0.74063	142.86418	138.22619	53.79971	0.32774	 	9.883943091E8	 	5.10176E-9	 	26995.774	34.8188	 
755.0	1.0	0.0	7.57296	7.32432	-7.35292	17.749	24.86819	1.34719	0.74228	143.36105	138.54293	53.99512	0.32754	 	1.147350631E9	 	4.37368E-9	 	26821.59	34.8368	 
750.0	1.0	0.0	7.57516	7.32219	-7.37985	17.73259	24.80298	1.34417	0.74396	143.85721	138.85823	54.19032	0.32733	 	1.333848966E9	 	3.74386E-9	 	26647.301	34.8578	 
745.0	1.0	0.0	7.57736	7.32006	-7.40673	17.71618	24.73776	1.34112	0.74564	144.35264	139.17209	54.3853	0.32713	 	1.552998923E9	 	3.19983E-9	 	26472.889	34.8824	 
740.0	1.0	0.0	7.57956	7.31794	-7.43356	17.69978	24.67255	1.33807	0.74735	144.84733	139.48449	54.58006	0.32693	 	1.810919985E9	 	2.73062E-9	 	26298.337	34.9104	 
735.0	1.0	0.0	7.58175	7.31582	-7.46036	17.68338	24.60733	1.33499	0.74907	145.34126	139.79543	54.77459	0.32672	 	2.114953269E9	 	2.32654E-9	 	26123.626	34.9422	 
730.0	1.0	0.0	7.58394	7.31371	-7.4871	17.66699	24.54211	1.3319	0.75081	145.83443	140.1049	54.9689	0.32652	 	2.473920214E9	 	1.9791E-9	 	25948.736	34.978	 
725.0	1.0	0.0	7.58613	7.3116	-7.5138	17.65061	24.47688	1.32879	0.75256	146.32681	140.4129	55.16297	0.32631	 	2.898439178E9	 	1.68081E-9	 	25773.646	35.018	 
720.0	1.0	0.0	7.58832	7.30949	-7.54046	17.63424	24.41165	1.32567	0.75434	146.81839	140.71941	55.3568	0.32611	 	3.401313607E9	 	1.42513E-9	 	25598.331	35.063	 
715.0	1.0	0.0	7.5905	7.30739	-7.56707	17.61788	24.34642	1.32253	0.75613	147.30916	141.02442	55.55039	0.32591	 	3.998008808E9	 	1.20633E-9	 	25422.767	35.1128	 
710.0	1.0	0.0	7.59269	7.30529	-7.59363	17.60152	24.28119	1.31937	0.75794	147.79911	141.32794	55.74372	0.3257	 	4.707238663E9	 	1.01939E-9	 	25246.926	35.1682	 
705.0	1.0	0.0	7.59487	7.30319	-7.62015	17.58517	24.21595	1.3162	0.75976	148.28823	141.62995	55.9368	0.3255	 	5.551688969E9	 	8.59938E-10	 	25070.78	35.2292	 
700.0	1.0	0.0	7.59704	7.3011	-7.64663	17.56883	24.1507	1.31301	0.76161	148.77649	141.93044	56.12961	0.32529	 	6.558910941E9	 	7.2416E-10	 	24894.297	35.2966	 
695.0	1.0	0.0	7.59922	7.29901	-7.67306	17.5525	24.08545	1.3098	0.76347	149.26389	142.22941	56.32216	0.32509	 	7.762427034E9	 	6.0874E-10	 	24717.442	35.371	 
690.0	1.0	0.0	7.60139	7.29692	-7.69944	17.53617	24.0202	1.30658	0.76536	149.75042	142.52685	56.51444	0.32489	 	9.203102236E9	 	5.10795E-10	 	24540.178	35.4528	 
685.0	1.0	0.0	7.60356	7.29484	-7.72578	17.51985	23.95494	1.30334	0.76726	150.23605	142.82276	56.70644	0.32468	 	1.09308E10	 	4.27825E-10	 	24362.464	35.5428	 
680.0	1.0	0.0	7.60573	7.29276	-7.75208	17.50354	23.88968	1.30008	0.76919	150.72079	143.11712	56.89816	0.32448	 	1.3006699999999998E10	 	3.57667E-10	 	24184.256	35.6416	 
675.0	1.0	0.0	7.60789	7.29069	-7.77833	17.48723	23.82441	1.2968	0.77113	151.2046	143.40993	57.0896	0.32427	 	1.5505699999999998E10	 	2.98451E-10	 	24005.505	35.7502	 
670.0	1.0	0.0	7.61005	7.28862	-7.80453	17.47093	23.75914	1.2935	0.77309	151.68749	143.70118	57.28074	0.32407	 	1.85197E10	 	2.48562E-10	 	23826.158	35.8694	 
665.0	1.0	0.0	7.61221	7.28655	-7.83069	17.45465	23.69386	1.29019	0.77508	152.16944	143.99087	57.47158	0.32387	 	2.2162E10	 	2.06609E-10	 	23646.156	36.0004	 
660.0	1.0	0.0	7.61437	7.28448	-7.85681	17.43836	23.62857	1.28686	0.77708	152.65043	144.27899	57.66212	0.32366	 	2.6572499999999996E10	 	1.71398E-10	 	23465.434	36.1444	 
655.0	1.0	0.0	7.61653	7.28242	-7.88288	17.42209	23.56328	1.28351	0.77911	153.13045	144.56553	57.85236	0.32346	 	3.1923799999999996E10	 	1.41902E-10	 	23283.921	36.3026	 
650.0	1.0	0.0	7.61868	7.28036	-7.90891	17.40582	23.49797	1.28015	0.78116	153.6095	144.85048	58.04228	0.32326	 	3.84301E10	 	1.17243E-10	 	23101.538	36.4766	 
645.0	1.0	0.0	7.62083	7.27831	-7.93489	17.38956	23.43266	1.27676	0.78323	154.08755	145.13384	58.23189	0.32305	 	4.63572E10	 	9.66682E-11	 	22918.197	36.6682	 
640.0	1.0	0.0	7.62298	7.27626	-7.96082	17.37331	23.36735	1.27336	0.78533	154.56459	145.41561	58.42118	0.32285	 	5.603569999999999E10	 	7.95361E-11	 	22733.801	36.8792	 
635.0	1.0	0.0	7.62512	7.27421	-7.98672	17.35707	23.30202	1.26994	0.78744	155.04062	145.69577	58.61014	0.32264	 	6.787819999999999E10	 	6.53002E-11	 	22548.241	37.112	 
630.0	1.0	0.0	7.62726	7.27217	-8.01256	17.34083	23.23668	1.26649	0.78958	155.51561	145.97432	58.79876	0.32244	 	8.24001E10	 	5.34957E-11	 	22361.395	37.3692	 
625.0	1.0	0.0	7.6294	7.27013	-8.03836	17.3246	23.17134	1.26304	0.79174	155.98956	146.25125	58.98705	0.32224	 	1.00248E11	 	4.37282E-11	 	22173.129	37.6532	 
620.0	1.0	0.0	7.63154	7.26809	-8.06412	17.30838	23.10598	1.25956	0.79393	156.46246	146.52655	59.175	0.32203	 	1.22232E11	 	3.56638E-11	 	21974.128	39.8002	 
615.0	1.0	0.0	7.63368	7.26606	-8.08984	17.29216	23.04062	1.25606	0.79614	156.93428	146.80023	59.3626	0.32183	 	1.49374E11	 	2.90201E-11	 	21771.929	40.4398	 
610.0	1.0	0.0	7.63581	7.26403	-8.1155	17.27595	22.97524	1.25254	0.79838	157.40502	147.07227	59.54985	0.32162	 	1.82962E11	 	2.35592E-11	 	21571.47	40.0918	 
605.0	1.0	0.0	7.63794	7.26201	-8.14113	17.25975	22.90986	1.249	0.80064	157.87466	147.34267	59.73674	0.32142	 	2.24626E11	 	1.90808E-11	 	21372.687	39.7566	 
600.0	1.0	0.0	7.64007	7.25998	-8.16671	17.24356	22.84446	1.24545	0.80292	158.3432	147.61142	59.92328	0.32122	 	2.76433E11	 	1.54165E-11	 	21175.519	39.4336	 
595.0	1.0	0.0	7.64219	7.25796	-8.19224	17.22738	22.77905	1.24187	0.80524	158.81062	147.87852	60.10944	0.32101	 	3.41012E11	 	1.24254E-11	 	20979.909	39.122	 
590.0	1.0	0.0	7.64431	7.25595	-8.21773	17.2112	22.71362	1.23828	0.80757	159.27691	148.14395	60.29523	0.32081	 	4.21711E11	 	9.98983E-12	 	20785.804	38.821	 
585.0	1.0	0.0	7.64643	7.25394	-8.24318	17.19503	22.64819	1.23466	0.80994	159.74205	148.40772	60.48065	0.3206	 	5.22811E11	 	8.01133E-12	 	20593.152	38.5304	 
580.0	1.0	0.0	7.64855	7.25193	-8.26858	17.17887	22.58274	1.23102	0.81233	160.20603	148.66982	60.66569	0.3204	 	6.49799E11	 	6.40815E-12	 	20401.904	38.2496	 
575.0	1.0	0.0	7.65067	7.24992	-8.29394	17.16271	22.51728	1.22737	0.81475	160.66885	148.93024	60.85034	0.3202	 	8.09724E11	 	5.11237E-12	 	20212.014	37.978	 
570.0	1.0	0.0	7.65278	7.24792	-8.31925	17.14657	22.45181	1.22369	0.8172	161.13048	149.18898	61.0346	0.31999	 	1.01167E12	 	4.06775E-12	 	20023.439	37.715	 
565.0	1.0	0.0	7.65489	7.24593	-8.34452	17.13043	22.38633	1.21999	0.81968	161.59092	149.44603	61.21847	0.31979	 	1.26736E12	 	3.2278E-12	 	19836.138	37.4602	 
560.0	1.0	0.0	7.657	7.24393	-8.36974	17.11429	22.32083	1.21627	0.82218	162.05015	149.70138	61.40193	0.31959	 	1.59202E12	 	2.55423E-12	 	19650.07	37.2136	 
555.0	1.0	0.0	7.6591	7.24194	-8.39493	17.09817	22.25532	1.21253	0.82472	162.50817	149.95504	61.58499	0.31938	 	2.00541E12	 	2.01554E-12	 	19465.2	36.974	 
550.0	1.0	0.0	7.6612	7.23995	-8.42006	17.08205	22.1898	1.20877	0.82729	162.96495	150.20699	61.76764	0.31918	 	2.53329E12	 	1.58592E-12	 	19281.491	36.7418	 
545.0	1.0	0.0	7.6633	7.23797	-8.44515	17.06594	22.12426	1.20499	0.82989	163.4205	150.45723	61.94988	0.31897	 	3.20934E12	 	1.24424E-12	 	19098.911	36.516	 
540.0	1.0	0.0	7.6654	7.23599	-8.4702	17.04984	22.05871	1.20118	0.83251	163.87479	150.70575	62.1317	0.31877	 	4.07773E12	 	9.73282E-13	 	18917.427	36.2968	 
535.0	1.0	0.0	7.66749	7.23401	-8.49521	17.03374	21.99315	1.19735	0.83518	164.32781	150.95256	62.31309	0.31857	 	5.19659E12	 	7.59033E-13	 	18737.009	36.0836	 
530.0	1.0	0.0	7.66959	7.23204	-8.52017	17.01766	21.92758	1.1935	0.83787	164.77955	151.19763	62.49405	0.31836	 	6.64259E12	 	5.90127E-13	 	18557.629	35.876	 
525.0	1.0	0.0	7.67168	7.23007	-8.54508	17.00158	21.86199	1.18963	0.8406	165.23001	151.44098	62.67459	0.31816	 	8.5173E12	 	4.57372E-13	 	18379.258	35.6742	 
520.0	1.0	0.0	7.67376	7.2281	-8.56995	16.9855	21.79639	1.18574	0.84336	165.67916	151.68259	62.85468	0.31795	 	1.09556E13	 	3.53351E-13	 	18201.872	35.4772	 
515.0	1.0	0.0	7.67585	7.22614	-8.59478	16.96944	21.73078	1.18182	0.84615	166.127	151.92246	63.03433	0.31775	 	1.41373E13	 	2.72101E-13	 	18025.446	35.2852	 
510.0	1.0	0.0	7.67793	7.22418	-8.61956	16.95338	21.66516	1.17788	0.84898	166.57352	152.16058	63.21353	0.31755	 	1.83029E13	 	2.0884E-13	 	17849.955	35.0982	 
505.0	1.0	0.0	7.68001	7.22223	-8.6443	16.93733	21.59953	1.17392	0.85185	167.0187	152.39696	63.39228	0.31734	 	2.3775E13	 	1.59746E-13	 	17675.378	34.9154	 
500.0	1.0	0.0	7.68208	7.22027	-8.669	16.92129	21.53389	1.16993	0.85475	167.46253	152.63157	63.57058	0.31714	 	3.09885E13	 	1.21773E-13	 	17501.693	34.737	 
495.0	1.0	0.0	7.68416	7.21833	-8.69365	16.90525	21.46823	1.16592	0.85769	167.905	152.86443	63.74841	0.31693	 	4.0531E13	 	9.25007E-14	 	17328.88	34.5626	 
490.0	1.0	0.0	7.68623	7.21638	-8.71826	16.88923	21.40257	1.16188	0.86067	168.3461	153.09553	63.92578	0.31673	 	5.31998E13	 	7.00143E-14	 	17156.92	34.392	 
485.0	1.0	0.0	7.6883	7.21444	-8.74282	16.87321	21.33689	1.15782	0.86369	168.78581	153.32485	64.10268	0.31653	 	7.00807E13	 	5.28012E-14	 	16985.793	34.2254	 
480.0	1.0	0.0	7.69037	7.2125	-8.76735	16.85719	21.27121	1.15374	0.86675	169.22413	153.5524	64.2791	0.31632	 	9.26581E13	 	3.9672E-14	 	16815.483	34.062	 
475.0	1.0	0.0	7.69243	7.21056	-8.79182	16.84119	21.20551	1.14963	0.86985	169.66105	153.77818	64.45504	0.31612	 	1.2297E14	 	2.96946E-14	 	16645.972	33.9022	 
470.0	1.0	0.0	7.69449	7.20863	-8.81626	16.82519	21.13981	1.14549	0.87299	170.09655	154.00217	64.6305	0.31592	 	1.63823E14	 	2.21406E-14	 	16477.244	33.7456	 
465.0	1.0	0.0	7.69655	7.2067	-8.84064	16.8092	21.07409	1.14134	0.87617	170.53063	154.22438	64.80548	0.31571	 	2.19101E14	 	1.64432E-14	 	16309.284	33.592	 
460.0	1.0	0.0	7.69861	7.20478	-8.86499	16.79322	21.00837	1.13715	0.87939	170.96326	154.4448	64.97996	0.31551	 	2.94202E14	 	1.21628E-14	 	16142.077	33.4414	 
455.0	1.0	0.0	7.70066	7.20286	-8.88929	16.77724	20.94264	1.13294	0.88266	171.39445	154.66343	65.15394	0.3153	 	3.96654E14	 	8.95975E-15	 	15975.608	33.2938	 
450.0	1.0	0.0	7.70271	7.20094	-8.91355	16.76128	20.8769	1.1287	0.88597	171.82418	154.88026	65.32742	0.3151	 	5.3700599999999994E14	 	6.57258E-15	 	15809.866	33.1484	 
445.0	1.0	0.0	7.70476	7.19903	-8.93777	16.74532	20.81116	1.12444	0.88933	172.25243	155.09528	65.5004	0.3149	 	7.30106E14	 	4.80083E-15	 	15644.835	33.0062	 
440.0	1.0	0.0	7.7068	7.19712	-8.96194	16.72936	20.7454	1.12015	0.89274	172.67921	155.3085	65.67286	0.31469	 	9.96942E14	 	3.49138E-15	 	15480.504	32.8662	 
435.0	1.0	0.0	7.70885	7.19521	-8.98607	16.71342	20.67964	1.11584	0.89619	173.10449	155.51992	65.84481	0.31449	 	1.36732E15	 	2.52779E-15	 	15316.861	32.7286	 
430.0	1.0	0.0	7.71089	7.1933	-9.01015	16.69748	20.61387	1.11149	0.89969	173.52827	155.72952	66.01625	0.31428	 	1.88378E15	 	1.82182E-15	 	15153.895	32.5932	 
425.0	1.0	0.0	7.71293	7.1914	-9.03419	16.68155	20.54809	1.10712	0.90324	173.95054	155.93731	66.18716	0.31408	 	2.60729E15	 	1.30691E-15	 	14991.594	32.4602	 
420.0	1.0	0.0	7.71496	7.18951	-9.05819	16.66563	20.4823	1.10272	0.90685	174.37128	156.14327	66.35754	0.31388	 	3.62569E15	 	9.33089E-16	 	14829.948	32.3292	 
415.0	1.0	0.0	7.71699	7.18761	-9.08214	16.64971	20.41651	1.0983	0.9105	174.79049	156.34742	66.5274	0.31367	 	5.06617E15	 	6.62964E-16	 	14668.946	32.2004	 
410.0	1.0	0.0	7.71902	7.18572	-9.10606	16.63381	20.3507	1.09384	0.91421	175.20815	156.54974	66.69672	0.31347	 	7.1138E15	 	4.68706E-16	 	14508.579	32.0734	 
405.0	1.0	0.0	7.72105	7.18384	-9.12992	16.61791	20.28489	1.08936	0.91797	175.62426	156.75024	66.86549	0.31327	 	1.00393E16	 	3.29692E-16	 	14348.838	31.9482	 
400.0	1.0	0.0	7.72308	7.18195	-9.15375	16.60201	20.21908	1.08485	0.92179	176.03881	156.9489	67.03373	0.31306	 	1.42408E16	 	2.30709E-16	 	14189.713	31.825	 
395.0	1.0	0.0	7.7251	7.18007	-9.17753	16.58613	20.15325	1.08031	0.92566	176.45179	157.14573	67.20142	0.31286	 	2.03068E16	 	1.6059E-16	 	14031.196	31.7034	 
390.0	1.0	0.0	7.72712	7.1782	-9.20127	16.57025	20.08742	1.07574	0.9296	176.86318	157.34072	67.36856	0.31265	 	2.91125E16	 	1.11178E-16	 	13873.278	31.5836	 
385.0	1.0	0.0	7.72913	7.17632	-9.22496	16.55438	20.02158	1.07114	0.93359	177.27298	157.53388	67.53514	0.31245	 	4.19661E16	 	7.65443E-17	 	13715.951	31.4654	 
380.0	1.0	0.0	7.73115	7.17445	-9.24861	16.53852	19.95573	1.06651	0.93764	177.68118	157.7252	67.70117	0.31225	 	6.08353E16	 	5.24016E-17	 	13559.207	31.3488	 
375.0	1.0	0.0	7.73316	7.17259	-9.27222	16.52266	19.88987	1.06185	0.94176	178.08776	157.91467	67.86663	0.31204	 	8.86963E16	 	3.56662E-17	 	13403.039	31.2336	 
370.0	1.0	0.0	7.73517	7.17072	-9.29579	16.50681	19.82401	1.05715	0.94594	178.49273	158.1023	68.03152	0.31184	 	1.30079E17	 	2.4132E-17	 	13247.439	31.12	 
365.0	1.0	0.0	7.73718	7.16886	-9.31931	16.49097	19.75814	1.05243	0.95018	178.89606	158.28808	68.19585	0.31163	 	1.91919E17	 	1.6229E-17	 	13092.4	31.0078	 
360.0	1.0	0.0	7.73918	7.16701	-9.34279	16.47514	19.69225	1.04768	0.95449	179.29776	158.47201	68.3596	0.31143	 	2.84906E17	 	1.08465E-17	 	12937.916	30.8968	 
355.0	1.0	0.0	7.74118	7.16515	-9.36622	16.45931	19.62636	1.0429	0.95887	179.69782	158.6541	68.52278	0.31123	 	4.25621E17	 	7.20323E-18	 	12783.98	30.7872	 
350.0	1.0	0.0	7.74318	7.1633	-9.38962	16.4435	19.56046	1.03808	0.96332	180.09621	158.83433	68.68538	0.31102	 	6.39949E17	 	4.75263E-18	 	12630.585	30.679	 
345.0	1.0	0.0	7.74518	7.16146	-9.41297	16.42769	19.49455	1.03323	0.96784	180.49295	159.01271	68.84739	0.31082	 	9.68584E17	 	3.11489E-18	 	12477.726	30.5718	 
340.0	1.0	0.0	7.74717	7.15962	-9.43627	16.41188	19.42864	1.02835	0.97243	180.88801	159.18923	69.00881	0.31062	 	1.47594E18	 	2.02761E-18	 	12325.396	30.466	 
335.0	1.0	0.0	7.74916	7.15778	-9.45954	16.39609	19.36271	1.02344	0.9771	181.2814	159.3639	69.16965	0.31041	 	2.26471E18	 	1.31064E-18	 	12173.589	30.3614	 
330.0	1.0	0.0	7.75115	7.15594	-9.48276	16.3803	19.29677	1.01849	0.98184	181.6731	159.53672	69.32989	0.31021	 	3.49981E18	 	8.41139E-19	 	12022.301	30.2576	 
325.0	1.0	0.0	7.75313	7.15411	-9.50594	16.36452	19.23082	1.01351	0.98667	182.0631	159.70768	69.48953	0.31	 	5.44803E18	 	5.35868E-19	 	11871.526	30.155	 
320.0	1.0	0.0	7.75512	7.15228	-9.52907	16.34875	19.16487	1.0085	0.99157	182.4514	159.87678	69.64857	0.3098	 	8.54433E18	 	3.38823E-19	 	11721.258	30.0536	 
315.0	1.0	0.0	7.7571	7.15045	-9.55217	16.33298	19.0989	1.00345	0.99656	182.838	160.04403	69.80702	0.3096	 	1.35034E19	 	2.12584E-19	 	11571.492	29.9532	 
310.0	1.0	0.0	7.75907	7.14863	-9.57522	16.31722	19.03292	0.99837	1.00163	183.22288	160.20942	69.96485	0.30939	 	2.1509E19	 	1.32326E-19	 	11422.224	29.8536	 
305.0	1.0	0.0	7.76105	7.14681	-9.59823	16.30147	18.96693	0.99326	1.00679	183.60604	160.37295	70.12208	0.30919	 	3.45381E19	 	8.17013E-20	 	11273.449	29.755	 
300.0	1.0	0.0	7.76302	7.145	-9.62119	16.28573	18.90093	0.9881	1.01204	183.98747	160.53463	70.27869	0.30898	 	5.59201E19	 	5.0025E-20	 	11125.162	29.6574	 
295.0	1.0	0.0	7.76499	7.14319	-9.64411	16.26999	18.83492	0.98292	1.01738	184.36716	160.69446	70.4347	0.30878	 	9.13111E19	 	3.03687E-20	 	10977.36	29.5604	 
290.0	1.0	0.0	7.76696	7.14138	-9.66699	16.25427	18.76889	0.97769	1.02281	184.74512	160.85243	70.59009	0.30858	 	1.50406E20	 	1.82746E-20	 	10830.036	29.4648	 
285.0	1.0	0.0	7.76892	7.13957	-9.68983	16.23855	18.70286	0.97244	1.02835	185.12134	161.00855	70.74485	0.30837	 	2.4997099999999997E20	 	1.0898E-20	 	10683.189	29.3694	 
280.0	1.0	0.0	7.77088	7.13777	-9.71262	16.22283	18.63681	0.96714	1.03398	185.49581	161.16282	70.899	0.30817	 	4.19284E20	 	6.43905E-21	 	10536.813	29.2752	 
275.0	1.0	0.0	7.77284	7.13597	-9.73538	16.20713	18.57075	0.96181	1.03971	185.86852	161.31524	71.05253	0.30797	 	7.099469999999999E20	 	3.76843E-21	 	10390.905	29.1816	 
270.0	1.0	0.0	7.7748	7.13418	-9.75809	16.19143	18.50468	0.95644	1.04555	186.23947	161.46581	71.20543	0.30776	 	1.21383E21	 	2.18398E-21	 	10245.461	29.0888	 
265.0	1.0	0.0	7.77675	7.13238	-9.78075	16.17574	18.43859	0.95103	1.05149	186.60867	161.61454	71.35771	0.30756	 	2.0961400000000001E21	 	1.25306E-21	 	10100.478	28.9966	 
260.0	1.0	0.0	7.7787	7.13059	-9.80338	16.16006	18.37249	0.94558	1.05755	186.9761	161.76143	71.50936	0.30735	 	3.6570800000000003E21	 	7.11544E-22	 	9955.952	28.9052	 
255.0	1.0	0.0	7.78065	7.12881	-9.82596	16.14438	18.30638	0.9401	1.06372	187.34176	161.90648	71.66038	0.30715	 	6.44804E21	 	3.99776E-22	 	9811.88	28.8144	 
250.0	1.0	0.0	7.78259	7.12703	-9.8485	16.12871	18.24026	0.93457	1.07001	187.70565	162.0497	71.81077	0.30695	 	1.14929E22	 	2.22168E-22	 	9668.259	28.7242	 
245.0	1.0	0.0	7.78454	7.12525	-9.871	16.11305	18.17412	0.92901	1.07642	188.06777	162.19109	71.96052	0.30674	 	2.07148E22	 	1.22085E-22	 	9525.085	28.6348	 
240.0	1.0	0.0	7.78648	7.12347	-9.89345	16.0974	18.10797	0.92341	1.08295	188.42811	162.33066	72.10965	0.30654	 	3.7767499999999997E22	 	6.63152E-23	 	9382.357	28.5456	 
235.0	1.0	0.0	7.78841	7.1217	-9.91586	16.08175	18.04181	0.91776	1.08961	188.78668	162.4684	72.25814	0.30633	 	6.96771E22	 	3.55949E-23	 	9240.071	28.4572	 
230.0	1.0	0.0	7.79035	7.11993	-9.93823	16.06611	17.97563	0.91208	1.0964	189.14348	162.60433	72.406	0.30613	 	1.3012199999999998E23	 	1.88727E-23	 	9098.225	28.3692	 
225.0	1.0	0.0	7.79228	7.11817	-9.96056	16.05048	17.90943	0.90635	1.10333	189.4985	162.73845	72.55323	0.30593	 	2.4606899999999997E23	 	9.88074E-24	 	8956.817	28.2816	 
220.0	1.0	0.0	7.79421	7.11641	-9.98285	16.03486	17.84323	0.90058	1.11039	189.85174	162.87077	72.69982	0.30572	 	4.71386E23	 	5.1061E-24	 	8815.843	28.1948	 
215.0	1.0	0.0	7.79614	7.11465	-10.00509	16.01925	17.777	0.89477	1.1176	190.20322	163.00129	72.84578	0.30552	 	9.15127E23	 	2.60351E-24	 	8675.303	28.108	 
210.0	1.0	0.0	7.79806	7.11289	-10.02729	16.00364	17.71077	0.88892	1.12496	190.55292	163.13003	72.99111	0.30532	 	1.80115E24	 	1.30924E-24	 	8535.193	28.022	 
205.0	1.0	0.0	7.79998	7.11114	-10.04945	15.98804	17.64451	0.88302	1.13247	190.90085	163.25698	73.13581	0.30511	 	3.59559E24	 	6.49054E-25	 	8395.512	27.9362	 
200.0	1.0	0.0	7.8019	7.10939	-10.07157	15.97244	17.57825	0.87708	1.14014	191.24702	163.38216	73.27987	0.30491	 	7.28344E24	 	3.17065E-25	 	8256.259	27.8506	 
195.0	1.0	0.0	7.80381	7.10765	-10.09365	15.95686	17.51196	0.8711	1.14797	191.59143	163.50558	73.42331	0.3047	 	1.4978E25	 	1.52552E-25	 	8117.431	27.7656	 
190.0	1.0	0.0	7.80573	7.10591	-10.11568	15.94128	17.44566	0.86507	1.15597	191.93409	163.62725	73.56611	0.3045	 	3.12846E25	 	7.22567E-26	 	7979.028	27.6806	 
185.0	1.0	0.0	7.80764	7.10417	-10.13767	15.92571	17.37935	0.859	1.16415	192.275	163.74718	73.70829	0.3043	 	6.64035E25	 	3.36747E-26	 	7841.049	27.5958	 
180.0	1.0	0.0	7.80954	7.10243	-10.15962	15.91015	17.31302	0.85288	1.1725	192.61416	163.86537	73.84985	0.30409	 	1.4330600000000001E26	 	1.54335E-26	 	7703.491	27.5116	 
175.0	1.0	0.0	7.81145	7.1007	-10.18153	15.89459	17.24667	0.84671	1.18104	192.95159	163.98185	73.99079	0.30389	 	3.1462600000000006E26	 	6.95208E-27	 	7566.355	27.4272	 
170.0	1.0	0.0	7.81335	7.09897	-10.20339	15.87904	17.18031	0.8405	1.18977	193.2873	164.09663	74.13111	0.30369	 	7.031250000000001E26	 	3.07613E-27	 	7429.639	27.3432	 
165.0	1.0	0.0	7.81525	7.09725	-10.22522	15.8635	17.11393	0.83424	1.1987	193.6213	164.20971	74.27082	0.30348	 	1.60045E27	 	1.33619E-27	 	7293.343	27.2592	 
160.0	1.0	0.0	7.81715	7.09552	-10.247	15.84797	17.04753	0.82793	1.20783	193.95359	164.32112	74.40991	0.30328	 	3.7127699999999997E27	 	5.69412E-28	 	7157.467	27.1752	 
155.0	1.0	0.0	7.81904	7.0938	-10.26874	15.83244	16.98112	0.82158	1.21717	194.2842	164.43087	74.54841	0.30307	 	8.78397E27	 	2.37899E-28	 	7022.01	27.0914	 
150.0	1.0	0.0	7.82093	7.09209	-10.29044	15.81692	16.91469	0.81517	1.22674	194.61313	164.53898	74.6863	0.30287	 	2.12091E28	 	9.73775E-29	 	6886.973	27.0074	 
145.0	1.0	0.0	7.82282	7.09038	-10.31209	15.80141	16.84824	0.80871	1.23653	194.9404	164.64546	74.8236	0.30267	 	5.2301E28	 	3.9022E-29	 	6752.356	26.9234	 
140.0	1.0	0.0	7.82471	7.08867	-10.33371	15.78591	16.78177	0.80221	1.24656	195.26602	164.75034	74.96031	0.30246	 	1.3182100000000001E29	 	1.52971E-29	 	6618.159	26.8394	 
135.0	1.0	0.0	7.82659	7.08696	-10.35528	15.77041	16.71529	0.79565	1.25683	195.59003	164.85364	75.09645	0.30226	 	3.39858E29	 	5.8615E-30	 	6484.382	26.7554	 
130.0	1.0	0.0	7.82847	7.08526	-10.37681	15.75492	16.64879	0.78905	1.26735	195.91243	164.95537	75.232	0.30206	 	8.97043E29	 	2.19351E-30	 	6351.028	26.6708	 
125.0	1.0	0.0	7.83035	7.08356	-10.3983	15.73944	16.58227	0.78239	1.27814	196.23326	165.05557	75.367	0.30185	 	2.42614E30	 	8.00972E-31	 	6218.098	26.586	 
120.0	1.0	0.0	7.83222	7.08187	-10.41975	15.72397	16.51573	0.77567	1.2892	196.55252	165.15426	75.50144	0.30165	 	6.72992E30	 	2.85125E-31	 	6085.592	26.5012	 
115.0	1.0	0.0	7.83409	7.08017	-10.44116	15.7085	16.44917	0.76891	1.30055	196.87026	165.25146	75.63533	0.30144	 	1.91655E31	 	9.88478E-32	 	5953.512	26.416	 
110.0	1.0	0.0	7.83596	7.07849	-10.46252	15.69305	16.38259	0.76209	1.31219	197.1865	165.3472	75.76869	0.30124	 	5.60908E31	 	3.33399E-32	 	5821.861	26.3302	 
105.0	1.0	0.0	7.83783	7.0768	-10.48384	15.6776	16.31599	0.75521	1.32413	197.50126	165.44152	75.90153	0.30104	 	1.68887E32	 	1.09283E-32	 	5690.64	26.2442	 
100.0	1.0	0.0	7.83969	7.07512	-10.50513	15.66215	16.24938	0.74828	1.3364	197.8146	165.53445	76.03385	0.30083	 	5.23759E32	 	3.47727E-33	 	5559.854	26.1572	 
95.0	1.0	0.0	7.84156	7.07344	-10.52637	15.64672	16.18274	0.74129	1.34899	198.12653	165.62601	76.16568	0.30063	 	1.67501E33	 	1.07274E-33	 	5429.503	26.0702	 
90.0	1.0	0.0	7.84341	7.07176	-10.54757	15.63129	16.11608	0.73425	1.36193	198.4371	165.71626	76.29703	0.30042	 	5.53104E33	 	3.20454E-34	 	5299.593	25.982	 
85.0	1.0	0.0	7.84527	7.07009	-10.56872	15.61587	16.0494	0.72715	1.37523	198.74636	165.80522	76.42791	0.30022	 	1.88834E34	 	9.257E-35	 	5170.127	25.8932	 
80.0	1.0	0.0	7.84712	7.06842	-10.58984	15.60045	15.98271	0.71999	1.38891	199.05435	165.89295	76.55835	0.30002	 	6.67508E34	 	2.5822E-35	 	5041.109	25.8036	 
75.0	1.0	0.0	7.84897	7.06675	-10.61091	15.58505	15.91599	0.71277	1.40297	199.36111	165.97948	76.68835	0.29981	 	2.44671E35	 	6.94497E-36	 	4912.544	25.713	 
70.0	1.0	0.0	7.85082	7.06509	-10.63195	15.56965	15.84925	0.70549	1.41745	199.66671	166.06486	76.81795	0.29961	 	9.314279999999999E35	 	1.79813E-36	 	4784.436	25.6216	 
65.0	1.0	0.0	7.85266	7.06343	-10.65294	15.55426	15.78248	0.69815	1.43235	199.97119	166.14915	76.94716	0.29941	 	3.68879E36	 	4.47416E-37	 	4656.792	25.5288	 
60.0	1.0	0.0	7.85451	7.06177	-10.67389	15.53887	15.7157	0.69075	1.44769	200.27463	166.23239	77.07601	0.2992	 	1.52251E37	 	1.06798E-37	 	4529.618	25.4348	 
55.0	1.0	0.0	7.85635	7.06012	-10.6948	15.5235	15.64889	0.68329	1.4635	200.57708	166.31466	77.20451	0.299	 	6.561459999999999E37	 	2.44095E-38	 	4402.921	25.3394	 
50.0	1.0	0.0	7.85818	7.05847	-10.71567	15.50813	15.58206	0.67577	1.4798	200.87863	166.396	77.33271	0.29879	 	2.95851E38	 	5.33111E-39	 	4276.707	25.2428	 
45.0	1.0	0.0	7.86002	7.05683	-10.7365	15.49277	15.51521	0.66818	1.49661	201.17934	166.4765	77.46063	0.29859	 	1.3986300000000002E39	 	1.11023E-39	 	4150.986	25.1442	 
40.0	1.0	0.0	7.86185	7.05518	-10.75728	15.47741	15.44834	0.66052	1.51395	201.47931	166.55621	77.58831	0.29839	 	6.948300000000001E39	 	2.19969E-40	 	4025.765	25.0442	 
35.0	1.0	0.0	7.86367	7.05354	-10.77803	15.46207	15.38144	0.6528	1.53185	201.77862	166.63523	77.71576	0.29818	 	3.63618E40	 	4.13622E-41	 	3901.055	24.942	 
30.0	1.0	0.0	7.8655	7.05191	-10.79873	15.44673	15.31452	0.64502	1.55034	202.07736	166.71362	77.84305	0.29798	 	2.0096500000000003E41	 	7.36246E-42	 	3776.865	24.838	 
25.0	1.0	0.0	7.86732	7.05027	-10.8194	 	15.24757	0.63716	1.56945	202.37566	166.79148	77.97019	0.29778	 	1.17625E42	 	1.23715E-42	 	3653.208	 	 
