T (C)	Fraction solid (wt)-TOTAL	Fraction liquid (wt)-LIQUID	Density (g/(cm)^3)-TOTAL	Molar volume (cm^3)-TOTAL	Volume change (%)-  	Average expansion coeff. (10e-6 1/K)-  	Thermal conductivity (W/(m*K))-TOTAL	Electrical resistivity (10e-6 Ohm*m)-TOTAL	Electrical conductivity (10e6 1/(Ohm*m))-TOTAL	Young's modulus (GPa)-TOTAL	Bulk modulus (GPa)-TOTAL	Shear modulus(GPa)-TOTAL	Poisson's ratio-TOTAL	Liquid viscosity (mPa s)-  	Total viscosity (mPa s)-  	Liquid diffusivity (10e-9 (m^2)/s)-  	Total diffusivity (10e-9 (m^2)/s)-  	Surface Tension (mN/m)-  	Enthalpy (J/mole)-TOTAL	Specific heat (J/(mole K))-TOTAL	Latent heat (J/mole)-TOTAL
1500.0	0.0	1.0	7.02069	7.81537	0.0	26.83549	30.68473	1.88296	0.53108	0.0	110.22714	0.0	0.49988	6.7582	6.7582	1.28056	1.28056	1762.86433	64625.276	 	0.0
1495.0	0.0	1.0	7.02461	7.81101	-0.0558315	26.78513	30.6139	1.88199	0.53135	0.0	110.41381	0.0	0.49988	6.81875	6.81875	1.26561	1.26561	1764.65793	64403.925	44.2702	0.0
1490.0	0.0	1.0	7.02853	7.80665	-0.11151	26.73483	30.54306	1.88102	0.53163	0.0	110.60047	0.0	0.49988	6.8802	6.8802	1.25076	1.25076	1766.4494	64183.008	44.1834	0.0
1485.0	0.0	1.0	7.03244	7.80232	-0.16703	26.68458	30.47223	1.88005	0.5319	0.0	110.78713	0.0	0.49988	6.94255	6.94255	1.23601	1.23601	1768.23871	63962.522	44.0972	0.0
1480.0	0.0	1.0	7.03634	7.79799	-0.22239	26.63438	30.4014	1.87907	0.53218	0.0	110.97379	0.0	0.49988	7.00583	7.00583	1.22137	1.22137	1770.02585	63742.466	44.0112	0.0
1475.0	0.0	1.0	7.04023	7.79367	-0.27759	26.58425	30.33057	1.87809	0.53246	0.0	111.16046	0.0	0.49988	7.07005	7.07005	1.20682	1.20682	1771.81079	63522.837	43.9258	0.0
1470.0	0.0	1.0	7.04412	7.78937	-0.33264	26.53416	30.25974	1.8771	0.53274	0.0	111.34712	0.0	0.49988	7.13524	7.13524	1.19238	1.19238	1773.59352	63303.633	43.8408	0.0
1465.0	0.0	1.0	7.048	7.78508	-0.38754	26.48414	30.18891	1.87611	0.53302	0.0	111.53378	0.0	0.49988	7.2014	7.2014	1.17803	1.17803	1775.374	63084.852	43.7562	0.0
1460.0	0.0	1.0	7.05188	7.7808	-0.44227	26.43417	30.11807	1.87511	0.5333	0.0	111.72044	0.0	0.49988	7.26857	7.26857	1.16379	1.16379	1777.15221	62866.49	43.6724	0.0
1455.0	0.0	1.0	7.05575	7.77654	-0.49685	26.38427	30.04724	1.87411	0.53359	0.0	111.90711	0.0	0.49988	7.33676	7.33676	1.14965	1.14965	1778.92814	62648.547	43.5886	0.0
1450.0	0.0	1.0	7.05961	7.77229	-0.55128	26.33442	29.97641	1.8731	0.53387	0.0	112.09377	0.0	0.49988	7.40598	7.40598	1.1356	1.1356	1780.70176	62431.07	43.4954	0.0
1445.0	0.0	1.0	7.06346	7.76804	-0.60555	26.28463	29.90558	1.87209	0.53416	0.0	112.28043	0.0	0.49988	7.47627	7.47627	1.12166	1.12166	1782.47304	62214.14	43.386	0.0
1440.0	0.0	1.0	7.06731	7.76381	-0.65966	26.2349	29.83475	1.87107	0.53445	0.0	112.4671	0.0	0.49988	7.54765	7.54765	1.10782	1.10782	1784.24197	61997.745	43.279	0.0
1435.0	0.0	1.0	7.07115	7.7596	-0.71361	26.18523	29.76391	1.87005	0.53474	0.0	112.65376	0.0	0.49988	7.62013	7.62013	1.09408	1.09408	1786.00851	61781.882	43.1726	0.0
1430.0	0.0	1.0	7.07498	7.75539	-0.76741	26.13563	29.69308	1.86903	0.53504	0.0	112.84042	0.0	0.49988	7.69373	7.69373	1.08044	1.08044	1787.77264	61566.548	43.0668	0.0
1425.0	0.0	1.0	7.07881	7.7512	-0.82105	26.08608	29.62225	1.868	0.53533	0.0	113.02708	0.0	0.49988	7.76849	7.76849	1.06691	1.06691	1789.53434	61351.739	42.9618	0.0
1420.0	0.0	1.0	7.08263	7.74702	-0.87454	26.0366	29.55142	1.86696	0.53563	0.0	113.21375	0.0	0.49988	7.84442	7.84442	1.05347	1.05347	1791.29358	61137.454	42.857	0.0
1415.0	0.0	1.0	7.08644	7.74285	-0.92787	25.98718	29.48059	1.86592	0.53593	0.0	113.40041	0.0	0.49988	7.92155	7.92155	1.04013	1.04013	1793.05033	60923.687	42.7534	0.0
1410.0	0.0	1.0	7.09025	7.7387	-0.98104	25.93783	29.40975	1.86487	0.53623	0.0	113.58707	0.0	0.49988	7.9999	7.9999	1.02689	1.02689	1794.80457	60710.437	42.65	0.0
1407.12	0.0	1.0	7.09244	7.73631	-1.01165	25.90936	29.36889	1.86427	0.5364	0.0	113.69475	0.0	0.49988	8.04567	8.04567	1.0193	1.0193	1795.8154	60587.662	42.5656	0.0
1405.0	0.0938707	0.90613	7.10487	7.72276	-1.18502	25.48059	29.58149	1.84854	0.54097	0.00640978	112.90368	0.00215574	0.48667	8.07681	10.22094	1.01409	0.80136	1794.71318	59462.042	532.05	1035.655
1400.0	0.28039	0.71961	7.12997	7.69551	-1.53366	24.6277	30.01042	1.81669	0.55045	0.52023	111.29773	0.17815	0.46013	8.15015	103.59247	1.00197	0.0788303	1792.26174	57203.63	451.682	3081.837
1395.0	0.41801	0.58199	7.14906	7.67499	-1.79616	24.00304	30.32686	1.79236	0.55792	2.60881	110.13714	0.90566	0.44028	8.22473	495.36099	0.98992	0.0164361	1789.97064	55494.126	341.901	4579.618
1390.0	0.522	0.478	7.16409	7.65896	-2.00125	23.53069	30.56224	1.77323	0.56394	6.42484	109.2951	2.25419	0.42509	8.3002	1257.73286	0.97798	0.00645401	1787.83304	54161.23	266.579	5701.295
1389.54	0.52975	0.47025	7.16526	7.65769	-2.01751	23.4941	30.57898	1.77177	0.56441	6.82188	109.23704	2.39541	0.42395	8.30709	1340.37622	0.9769	0.00605442	1787.64113	54058.79	 	5784.511
1385.0	0.65803	0.34197	7.18456	7.63732	-2.27816	22.8579	31.07646	1.73864	0.57516	12.31789	107.60326	4.38389	0.40491	8.33984	3196.19654	0.9704	0.00253208	1784.01892	52614.597	309.327	7037.208
1380.0	0.74868	0.25132	7.19941	7.62182	-2.47647	22.39646	31.41084	1.71495	0.58311	18.76736	106.59163	6.74461	0.39129	8.37594	5545.27663	0.96331	0.00145504	1780.47804	51524.101	218.099	7917.482
1375.0	0.80845	0.19155	7.21034	7.61052	-2.6211	22.07988	31.61147	1.69891	0.58861	26.15759	106.05371	9.46238	0.38219	8.41274	7903.46204	0.95619	0.00101781	1777.32542	50738.515	157.117	8493.341
1370.0	0.84981	0.15019	7.21891	7.60175	-2.73338	21.85067	31.73136	1.68735	0.59264	34.6023	105.79506	12.57529	0.37581	8.45056	10170.35886	0.94903	7.88547E-4	1774.50115	50134.532	120.797	8888.087
1365.0	0.87959	0.12041	7.226	7.59456	-2.82536	21.67621	31.8	1.67859	0.59574	43.38931	105.70974	15.8224	0.37114	8.48945	12340.82953	0.9418	6.47882E-4	1771.95446	49644.666	97.9732	9169.207
1360.0	0.90173	0.0982675	7.23212	7.58838	-2.90434	21.5368	31.8341	1.67167	0.5982	51.61444	105.73689	18.87043	0.3676	8.52935	14435.60929	0.93454	5.52176E-4	1769.64814	49230.376	82.858	9375.235
1355.0	0.91862	0.0813807	7.23755	7.58294	-2.974	21.42244	31.84425	1.66602	0.60023	58.76083	105.84072	21.52647	0.36485	8.57018	16485.65552	0.92724	4.82031E-4	1767.54471	48867.978	72.4796	9529.856
1350.0	0.93179	0.068208	7.24249	7.57802	-3.03697	21.32604	31.83722	1.66127	0.60195	64.72515	105.998	23.74962	0.36266	8.61233	18520.88668	0.91987	4.27744E-4	1765.61438	48542.422	65.1112	9648.114
1345.0	0.94226	0.0577447	7.24707	7.57346	-3.09535	21.2419	31.81747	1.65718	0.60343	69.62846	106.19334	25.58238	0.36087	8.65526	20567.62333	0.91248	3.83991E-4	1763.83972	48243.783	59.7278	9739.934
1340.0	0.9507	0.0493022	7.25138	7.56918	-3.15002	21.16763	31.78823	1.65358	0.60475	73.65998	106.41673	27.09317	0.35938	8.69943	22649.17392	0.90505	3.47623E-4	1762.19713	47965.296	55.6974	9812.078
1335.0	0.9576	0.042401	7.25547	7.56514	-3.20176	21.10113	31.75165	1.65036	0.60593	77.00284	106.66138	28.34882	0.35813	8.74466	24787.02043	0.89757	3.16657E-4	1760.66959	47702.22	52.6152	9869.282
1330.0	0.96331	0.0366937	7.25938	7.56127	-3.25132	21.04036	31.7094	1.64742	0.60701	79.81063	106.92183	29.40572	0.35706	8.79099	26999.48205	0.89007	2.89805E-4	1759.24711	47451.151	50.2138	9914.951
1325.0	0.96807	0.0319292	7.26315	7.55754	-3.29901	20.98449	31.66269	1.6447	0.60801	82.20096	107.19461	30.30717	0.35613	8.83837	29304.28877	0.88254	2.66179E-4	1757.9156	47209.59	48.3122	9951.579
1321.1	0.97159	0.0284106	7.26617	7.55459	-3.33676	20.93902	31.62495	1.64265	0.60877	83.97875	107.41102	30.97855	0.35543	8.87606	31222.08025	0.87664	2.49219E-4	1756.92689	47023.88	 	9977.763
1320.0	0.97288	0.027123	7.26718	7.55361	-3.3493	20.92068	31.61579	1.64199	0.60902	84.61094	107.46938	31.21736	0.35519	8.88934	31823.92343	0.87473	2.44337E-4	1756.74155	46968.354	48.2472	9988.345
1315.0	0.97803	0.021971	7.27156	7.54937	-3.40358	20.84486	31.57092	1.63916	0.61007	87.17591	107.74301	32.18743	0.35419	8.95253	34616.51072	0.86583	2.23921E-4	1755.99094	46723.094	49.052	10029.599
1310.0	0.98216	0.017836	7.27565	7.5454	-3.45433	20.77868	31.52114	1.63658	0.61103	89.30266	108.0285	32.99322	0.35335	9.01698	37511.24	0.85693	2.05991E-4	1755.33161	46488.388	46.9412	10060.759
1305.0	0.98552	0.0144833	7.27952	7.54165	-3.5023	20.72011	31.46758	1.63419	0.61192	91.10125	108.32298	33.67568	0.35263	9.08263	40534.08147	0.84805	1.90027E-4	1754.75121	46261.803	45.317	10084.255
1300.0	0.98826	0.0117417	7.2832	7.53807	-3.54807	20.66749	31.41111	1.63194	0.61277	92.64889	108.62405	34.26368	0.352	9.14956	43708.91026	0.83918	1.75666E-4	1754.24385	46041.575	44.0456	10101.848
1296.06	0.99009	0.00991311	7.286	7.53535	-3.5829	20.6293	31.36512	1.63025	0.6134	93.73402	108.86449	34.67635	0.35156	9.20338	46332.81724	0.83219	1.65303E-4	1753.88124	45871.73	 	10112.511
1296.06	0.99009	0.00991311	7.286	7.53535	-3.5829	20.6293	31.36512	1.63025	0.6134	93.73403	108.86449	34.67635	0.35156	9.20338	46332.82324	0.83219	1.65303E-4	1753.88125	45871.73	 	10112.511
1295.0	0.99055	0.00944892	7.28675	7.53463	-3.5922	20.61925	31.35246	1.6298	0.61357	94.01582	108.92986	34.78357	0.35144	9.21838	47065.53405	0.83027	1.62619E-4	1753.90986	45826.057	43.1036	10115.183
1290.0	0.99248	0.00751837	7.29018	7.53129	-3.6349	20.5749	31.29197	1.62774	0.61435	95.23833	109.23936	35.24896	0.35094	9.29098	50625.81447	0.82116	1.50701E-4	1754.06738	45614.066	42.3982	10125.443
1285.0	0.99408	0.00592431	7.2935	7.52806	-3.67627	20.5341	31.22996	1.62576	0.6151	96.32493	109.55194	35.66299	0.35049	9.36481	54403.3983	0.81208	1.39788E-4	1754.24307	45405.679	41.6774	10132.545
1280.0	0.9954	0.00460367	7.29672	7.52491	-3.71656	20.49618	31.16673	1.62383	0.61583	97.30207	109.86669	36.0356	0.35008	9.43937	58422.91184	0.80308	1.29753E-4	1754.44087	45200.235	41.0888	10137.149
1275.0	0.99649	0.00350577	7.29986	7.52183	-3.75592	20.46074	31.10249	1.62194	0.61654	98.18896	110.18315	36.37405	0.34971	9.51606	62709.71723	0.79404	1.20494E-4	1754.64946	44997.225	40.602	10139.762
1270.0	0.99741	0.0025923	7.30292	7.51882	-3.79449	20.42738	31.03747	1.62009	0.61725	99.00107	110.50069	36.68418	0.34937	9.59356	67289.41041	0.78508	1.1193E-4	1754.87939	44796.25	40.195	10140.781
1265.0	0.99817	0.00183118	7.30592	7.51585	-3.83238	20.39581	30.97181	1.61827	0.61795	99.75072	110.81901	36.97064	0.34905	9.67278	72190.20108	0.77613	1.03994E-4	1755.12	44596.996	39.8508	10140.516
1260.0	0.9988	0.00119549	7.30887	7.51294	-3.86969	20.36571	30.90558	1.61646	0.61864	100.44887	111.13777	37.2376	0.34876	9.75286	77442.97414	0.76725	9.6625E-5	1755.38083	44399.2	39.5592	10139.23
1255.0	0.99941	5.85474E-4	7.31183	7.51002	-3.90699	20.33541	30.83912	1.61466	0.61932	101.13905	111.45614	37.50162	0.34846	9.83517	83108.27584	0.75835	8.97446E-5	1755.64749	44202.161	39.4078	10137.621
1250.0	1.0	0.0	7.3148	7.50711	-3.94431	20.30483	30.77252	1.61286	0.62002	101.8227	111.77414	37.76325	0.34817	 	89220.68852	 	8.33228E-5	 	44005.849	39.2624	10135.716
1245.0	1.0	0.0	7.31738	7.50446	-3.97816	20.28455	30.7036	1.61118	0.62066	102.24406	112.09462	37.92493	0.34798	 	95602.73534	 	7.75052E-5	 	43760.139	49.142	 
1240.0	1.0	0.0	7.31996	7.50182	-4.01196	20.26429	30.63468	1.60948	0.62132	102.66534	112.41421	38.08663	0.34779	 	102488.5982	 	7.20598E-5	 	43569.581	38.1116	 
1235.0	1.0	0.0	7.32253	7.49918	-4.0457	20.24405	30.56577	1.60778	0.62198	103.08652	112.73289	38.24834	0.34759	 	109921.6576	 	6.6965E-5	 	43379.34	38.0482	 
1230.0	1.0	0.0	7.3251	7.49655	-4.07938	20.22382	30.49684	1.60607	0.62264	103.50762	113.05066	38.41006	0.3474	 	117949.3317	 	6.22005E-5	 	43189.416	37.9848	 
1225.0	1.0	0.0	7.32767	7.49392	-4.113	20.20361	30.42792	1.60436	0.6233	103.92861	113.36753	38.5718	0.34721	 	126623.4806	 	5.77468E-5	 	42999.809	37.9214	 
1220.0	1.0	0.0	7.33024	7.4913	-4.14656	20.18342	30.359	1.60263	0.62397	104.3495	113.68348	38.73354	0.34702	 	136000.8526	 	5.35857E-5	 	42810.516	37.8586	 
1215.0	1.0	0.0	7.3328	7.48868	-4.18005	20.16325	30.29007	1.6009	0.62465	104.77029	113.99853	38.89528	0.34683	 	146143.5786	 	4.96997E-5	 	42621.538	37.7956	 
1210.0	1.0	0.0	7.33536	7.48607	-4.21349	20.14309	30.22114	1.59916	0.62533	105.19096	114.31267	39.05704	0.34663	 	157119.7202	 	4.60724E-5	 	42432.873	37.733	 
1205.0	1.0	0.0	7.33791	7.48346	-4.24687	20.12295	30.15221	1.59741	0.62601	105.61152	114.62589	39.21879	0.34644	 	169003.8772	 	4.26883E-5	 	42244.521	37.6704	 
1200.0	1.0	0.0	7.34047	7.48086	-4.28019	20.10283	30.08328	1.59566	0.6267	106.03196	114.9382	39.38055	0.34625	 	181877.8612	 	3.95325E-5	 	42056.48	37.6082	 
1195.0	1.0	0.0	7.34302	7.47826	-4.31346	20.08273	30.01435	1.59389	0.62739	106.45227	115.24959	39.5423	0.34606	 	195831.444	 	3.6591E-5	 	41868.751	37.5458	 
1190.0	1.0	0.0	7.34557	7.47566	-4.34666	20.06264	29.94541	1.59212	0.62809	106.87245	115.56006	39.70406	0.34586	 	210963.1876	 	3.38508E-5	 	41681.331	37.484	 
1185.0	1.0	0.0	7.34812	7.47307	-4.3798	20.04257	29.87648	1.59034	0.6288	107.2925	115.86962	39.86581	0.34567	 	227381.368	 	3.12993E-5	 	41494.22	37.4222	 
1180.0	1.0	0.0	7.35066	7.47049	-4.41289	20.02252	29.80754	1.58855	0.6295	107.71241	116.17825	40.02756	0.34548	 	245205.0016	 	2.89246E-5	 	41307.418	37.3604	 
1175.0	1.0	0.0	7.3532	7.46791	-4.44591	20.00248	29.7386	1.58676	0.63022	108.13218	116.48597	40.1893	0.34529	 	264564.9874	 	2.67158E-5	 	41120.924	37.2988	 
1170.0	1.0	0.0	7.35574	7.46533	-4.47888	19.98246	29.66966	1.58495	0.63093	108.5518	116.79276	40.35103	0.34509	 	285605.3788	 	2.46622E-5	 	40934.736	37.2376	 
1165.0	1.0	0.0	7.35827	7.46276	-4.51178	19.96246	29.60072	1.58314	0.63166	108.97127	117.09863	40.51275	0.3449	 	308484.801	 	2.2754E-5	 	40748.855	37.1762	 
1160.0	1.0	0.0	7.3608	7.46019	-4.54463	19.94247	29.53177	1.58132	0.63238	109.39059	117.40358	40.67446	0.34471	 	333378.0301	 	2.09817E-5	 	40563.279	37.1152	 
1155.0	1.0	0.0	7.36333	7.45763	-4.57742	19.92251	29.46283	1.57949	0.63312	109.80974	117.7076	40.83615	0.34452	 	360477.7563	 	1.93367E-5	 	40378.008	37.0542	 
1150.0	1.0	0.0	7.36586	7.45507	-4.61015	19.90255	29.39388	1.57765	0.63385	110.22873	118.01069	40.99784	0.34432	 	389996.5504	 	1.78105E-5	 	40193.04	36.9936	 
1145.0	1.0	0.0	7.36838	7.45252	-4.64282	19.88262	29.32493	1.57581	0.6346	110.64756	118.31285	41.1595	0.34413	 	422169.062	 	1.63954E-5	 	40008.376	36.9328	 
1140.0	1.0	0.0	7.3709	7.44997	-4.67543	19.86271	29.25598	1.57395	0.63534	111.06621	118.61409	41.32115	0.34394	 	457254.4756	 	1.5084E-5	 	39824.014	36.8724	 
1135.0	1.0	0.0	7.37342	7.44742	-4.70799	19.84281	29.18702	1.57209	0.6361	111.48468	118.91439	41.48278	0.34375	 	495539.2587	 	1.38694E-5	 	39639.954	36.812	 
1130.0	1.0	0.0	7.37594	7.44488	-4.74049	19.82292	29.11807	1.57022	0.63686	111.90298	119.21376	41.64439	0.34355	 	537340.2371	 	1.2745E-5	 	39456.194	36.752	 
1125.0	1.0	0.0	7.37845	7.44235	-4.77292	19.80306	29.04911	1.56833	0.63762	112.32109	119.51221	41.80597	0.34336	 	583008.0403	 	1.17049E-5	 	39272.734	36.692	 
1120.0	1.0	0.0	7.38096	7.43982	-4.8053	19.78321	28.98015	1.56644	0.63839	112.73901	119.80971	41.96753	0.34317	 	632930.9625	 	1.07431E-5	 	39089.573	36.6322	 
1115.0	1.0	0.0	7.38347	7.43729	-4.83762	19.76338	28.91119	1.56455	0.63916	113.15673	120.10629	42.12907	0.34298	 	687539.2944	 	9.8543E-6	 	38906.711	36.5724	 
1110.0	1.0	0.0	7.38597	7.43477	-4.86989	19.74357	28.84223	1.56264	0.63994	113.57426	120.40193	42.29058	0.34278	 	747310.1848	 	9.03348E-6	 	38724.146	36.513	 
1105.0	1.0	0.0	7.38847	7.43225	-4.90209	19.72377	28.77326	1.56072	0.64073	113.99159	120.69663	42.45206	0.34259	 	812773.1018	 	8.27587E-6	 	38541.878	36.4536	 
1100.0	1.0	0.0	7.39097	7.42974	-4.93424	19.70399	28.7043	1.55879	0.64152	114.40871	120.9904	42.6135	0.3424	 	884515.9718	 	7.57703E-6	 	38359.906	36.3944	 
1095.0	1.0	0.0	7.39347	7.42723	-4.96633	19.68423	28.63533	1.55686	0.64232	114.82563	121.28323	42.77492	0.34221	 	963192.0854	 	6.93278E-6	 	38178.229	36.3354	 
1090.0	1.0	0.0	7.39596	7.42473	-4.99836	19.66449	28.56636	1.55491	0.64312	115.24233	121.57512	42.93631	0.34201	 	1049527.872	 	6.33923E-6	 	37996.846	36.2766	 
1085.0	1.0	0.0	7.39845	7.42223	-5.03033	19.64476	28.49739	1.55296	0.64393	115.65881	121.86607	43.09766	0.34182	 	1144331.657	 	5.79272E-6	 	37815.757	36.2178	 
1080.0	1.0	0.0	7.40094	7.41974	-5.06225	19.62505	28.42841	1.551	0.64475	116.07507	122.15608	43.25897	0.34163	 	1248503.541	 	5.28984E-6	 	37634.96	36.1594	 
1075.0	1.0	0.0	7.40342	7.41725	-5.09411	19.60536	28.35944	1.54902	0.64557	116.49111	122.44515	43.42024	0.34144	 	1363046.537	 	4.82741E-6	 	37454.455	36.101	 
1070.0	1.0	0.0	7.4059	7.41476	-5.12591	19.58568	28.29046	1.54704	0.64639	116.90691	122.73328	43.58148	0.34125	 	1489079.156	 	4.40244E-6	 	37274.241	36.0428	 
1065.0	1.0	0.0	7.40838	7.41228	-5.15765	19.56602	28.22148	1.54505	0.64723	117.32248	123.02046	43.74267	0.34105	 	1627849.623	 	4.01215E-6	 	37094.317	35.9848	 
1060.0	1.0	0.0	7.41086	7.4098	-5.18933	19.54638	28.1525	1.54305	0.64807	117.73781	123.3067	43.90383	0.34086	 	1780751.96	 	3.65395E-6	 	36914.682	35.927	 
1055.0	1.0	0.0	7.41333	7.40733	-5.22096	19.52676	28.08352	1.54104	0.64891	118.1529	123.592	44.06494	0.34067	 	1949344.189	 	3.32541E-6	 	36735.336	35.8692	 
1050.0	1.0	0.0	7.4158	7.40486	-5.25253	19.50715	28.01453	1.53902	0.64977	118.56775	123.87635	44.226	0.34048	 	2135368.944	 	3.02429E-6	 	36556.277	35.8118	 
1045.0	1.0	0.0	7.41827	7.4024	-5.28405	19.48756	27.94554	1.53699	0.65062	118.98234	124.15975	44.38701	0.34028	 	2340776.856	 	2.74847E-6	 	36377.504	35.7546	 
1040.0	1.0	0.0	7.42073	7.39994	-5.3155	19.46799	27.87655	1.53495	0.65149	119.39668	124.44221	44.54798	0.34009	 	2567753.069	 	2.49602E-6	 	36199.017	35.6974	 
1035.0	1.0	0.0	7.42319	7.39749	-5.3469	19.44843	27.80756	1.53289	0.65236	119.81077	124.72372	44.7089	0.3399	 	2818747.364	 	2.2651E-6	 	36020.815	35.6404	 
1030.0	1.0	0.0	7.42565	7.39504	-5.37824	19.42889	27.73857	1.53083	0.65324	120.22459	125.00429	44.86976	0.33971	 	3096508.389	 	2.05404E-6	 	35842.897	35.5836	 
1025.0	1.0	0.0	7.42811	7.39259	-5.40953	19.40937	27.66957	1.52876	0.65412	120.63814	125.2839	45.03058	0.33951	 	3404122.601	 	1.86126E-6	 	35665.262	35.527	 
1020.0	1.0	0.0	7.43056	7.39015	-5.44076	19.38987	27.60057	1.52668	0.65502	121.05143	125.56257	45.19134	0.33932	 	3745058.6	 	1.6853E-6	 	35487.908	35.4708	 
1015.0	1.0	0.0	7.43301	7.38772	-5.47193	19.37038	27.53157	1.52459	0.65591	121.46444	125.84028	45.35204	0.33913	 	4123217.644	 	1.52481E-6	 	35310.836	35.4144	 
1010.0	1.0	0.0	7.43546	7.38529	-5.50304	19.35091	27.46257	1.52249	0.65682	121.87718	126.11705	45.51268	0.33894	 	4542991.267	 	1.37855E-6	 	35134.044	35.3584	 
1005.0	1.0	0.0	7.4379	7.38286	-5.5341	19.33146	27.39357	1.52038	0.65773	122.28963	126.39286	45.67327	0.33874	 	5009327.046	 	1.24534E-6	 	34957.532	35.3024	 
1000.0	1.0	0.0	7.44035	7.38044	-5.5651	19.31202	27.32456	1.51825	0.65865	122.7018	126.66772	45.83379	0.33855	 	5527803.742	 	1.12412E-6	 	34781.297	35.247	 
995.0	1.0	0.0	7.44278	7.37802	-5.59604	19.2926	27.25555	1.51612	0.65958	123.11368	126.94163	45.99426	0.33836	 	6104717.231	 	1.01389E-6	 	34605.34	35.1914	 
990.0	1.0	0.0	7.44522	7.3756	-5.62693	19.2732	27.18654	1.51397	0.66051	123.52526	127.21459	46.15466	0.33817	 	6747178.859	 	9.13733E-7	 	34429.659	35.1362	 
985.0	1.0	0.0	7.44765	7.37319	-5.65776	19.25382	27.11753	1.51182	0.66145	123.93655	127.48659	46.31499	0.33797	 	7463228.132	 	8.22796E-7	 	34254.254	35.081	 
980.0	1.0	0.0	7.45008	7.37079	-5.68854	19.23445	27.04852	1.50965	0.6624	124.34754	127.75764	46.47526	0.33778	 	8261961.941	 	7.40298E-7	 	34079.123	35.0262	 
975.0	1.0	0.0	7.45251	7.36839	-5.71926	19.2151	26.9795	1.50748	0.66336	124.75823	128.02773	46.63547	0.33759	 	9153682.885	 	6.65515E-7	 	33904.265	34.9716	 
970.0	1.0	0.0	7.45494	7.36599	-5.74992	19.19577	26.91048	1.50529	0.66432	125.1686	128.29687	46.7956	0.3374	 	1.015006971E7	 	5.9778E-7	 	33729.68	34.917	 
965.0	1.0	0.0	7.45736	7.3636	-5.78052	19.17645	26.84146	1.50309	0.6653	125.57867	128.56506	46.95566	0.3372	 	1.126437329E7	 	5.36479E-7	 	33555.365	34.863	 
960.0	1.0	0.0	7.45978	7.36121	-5.81107	19.15715	26.77243	1.50088	0.66628	125.98842	128.83229	47.11565	0.33701	 	1.251164228E7	 	4.81048E-7	 	33381.321	34.8088	 
955.0	1.0	0.0	7.46219	7.35883	-5.84157	19.13787	26.70341	1.49866	0.66726	126.39785	129.09856	47.27557	0.33682	 	1.390898314E7	 	4.30966E-7	 	33207.547	34.7548	 
950.0	1.0	0.0	7.4646	7.35645	-5.87201	19.11861	26.63438	1.49642	0.66826	126.80696	129.36387	47.43541	0.33663	 	1.547586002E7	 	3.85755E-7	 	33034.04	34.7014	 
945.0	1.0	0.0	7.46702	7.35408	-5.90239	19.09936	26.56535	1.49418	0.66926	127.21574	129.62823	47.59518	0.33644	 	1.723444112E7	 	3.44977E-7	 	32860.8	34.648	 
940.0	1.0	0.0	7.46942	7.35171	-5.93271	19.08013	26.49632	1.49192	0.67028	127.62419	129.89164	47.75487	0.33624	 	1.920999895E7	 	3.08229E-7	 	32687.827	34.5946	 
935.0	1.0	0.0	7.47183	7.34934	-5.96299	19.06092	26.42728	1.48966	0.6713	128.0323	130.15408	47.91448	0.33605	 	2.143137353E7	 	2.75142E-7	 	32515.118	34.5418	 
930.0	1.0	0.0	7.47423	7.34698	-5.9932	19.04173	26.35824	1.48738	0.67232	128.44008	130.41556	48.07401	0.33586	 	2.393150889E7	 	2.45378E-7	 	32342.673	34.489	 
925.0	1.0	0.0	7.47663	7.34462	-6.02336	19.02255	26.2892	1.48509	0.67336	128.84752	130.67609	48.23345	0.33567	 	2.674807509E7	 	2.18628E-7	 	32170.49	34.4366	 
920.0	1.0	0.0	7.47902	7.34227	-6.05346	19.00339	26.22016	1.48278	0.67441	129.25461	130.93566	48.39282	0.33547	 	2.992419034E7	 	1.94607E-7	 	31998.568	34.3844	 
915.0	1.0	0.0	7.48142	7.33992	-6.08351	18.98424	26.15112	1.48047	0.67546	129.66136	131.19427	48.5521	0.33528	 	3.350926011E7	 	1.73059E-7	 	31826.907	34.3322	 
910.0	1.0	0.0	7.48381	7.33758	-6.1135	18.96512	26.08207	1.47814	0.67653	130.06775	131.45192	48.71129	0.33509	 	3.755995323E7	 	1.53745E-7	 	31655.505	34.2804	 
905.0	1.0	0.0	7.48619	7.33524	-6.14344	18.94601	26.01302	1.4758	0.6776	130.47379	131.70861	48.8704	0.3349	 	4.214133873E7	 	1.36452E-7	 	31484.36	34.229	 
900.0	1.0	0.0	7.48858	7.3329	-6.17332	18.92691	25.94397	1.47345	0.67868	130.87947	131.96434	49.02942	0.3347	 	4.732821135E7	 	1.20982E-7	 	31313.472	34.1776	 
895.0	1.0	0.0	7.49096	7.33057	-6.20315	18.90784	25.87491	1.47108	0.67977	131.28478	132.21911	49.18834	0.33451	 	5.32066387E7	 	1.07157E-7	 	31142.84	34.1264	 
890.0	1.0	0.0	7.49334	7.32824	-6.23292	18.88878	25.80586	1.46871	0.68087	131.68973	132.47293	49.34718	0.33432	 	5.987576942E7	 	9.48137E-8	 	30972.461	34.0758	 
885.0	1.0	0.0	7.49571	7.32592	-6.26264	18.86974	25.7368	1.46632	0.68198	132.09431	132.72578	49.50592	0.33413	 	6.744994857E7	 	8.3805E-8	 	30802.335	34.0252	 
880.0	1.0	0.0	7.49808	7.3236	-6.2923	18.85072	25.66774	1.46392	0.6831	132.49851	132.97766	49.66457	0.33393	 	7.606119577E7	 	7.39962E-8	 	30632.46	33.975	 
875.0	1.0	0.0	7.50045	7.32129	-6.32191	18.83171	25.59867	1.4615	0.68423	132.90234	133.22859	49.82313	0.33374	 	8.586211136E7	 	6.52655E-8	 	30462.835	33.925	 
870.0	1.0	0.0	7.50282	7.31898	-6.35146	18.81272	25.52961	1.45907	0.68537	133.30579	133.47856	49.98158	0.33355	 	9.702928899E7	 	5.75025E-8	 	30293.458	33.8754	 
865.0	1.0	0.0	7.50519	7.31667	-6.38096	18.79375	25.46054	1.45663	0.68652	133.70885	133.72757	50.13994	0.33336	 	1.097673276E8	 	5.06073E-8	 	30124.329	33.8258	 
860.0	1.0	0.0	7.50755	7.31437	-6.4104	18.77479	25.39146	1.45418	0.68767	134.11153	133.97561	50.2982	0.33316	 	1.243135543E8	 	4.44893E-8	 	29955.445	33.7768	 
855.0	1.0	0.0	7.5099	7.31208	-6.43979	18.75586	25.32239	1.45171	0.68884	134.51381	134.2227	50.45636	0.33297	 	1.409435901E8	 	3.90668E-8	 	29786.805	33.728	 
850.0	1.0	0.0	7.51226	7.30978	-6.46912	18.73694	25.25331	1.44923	0.69002	134.9157	134.46882	50.61441	0.33278	 	1.599779193E8	 	3.42661E-8	 	29618.409	33.6792	 
845.0	1.0	0.0	7.51461	7.3075	-6.4984	18.71803	25.18423	1.44674	0.69121	135.3172	134.71398	50.77237	0.33259	 	1.817896515E8	 	3.00205E-8	 	29450.253	33.6312	 
840.0	1.0	0.0	7.51696	7.30521	-6.52763	18.69915	25.11515	1.44423	0.69241	135.71829	134.95818	50.93021	0.33239	 	2.068137051E8	 	2.62701E-8	 	29282.337	33.5832	 
835.0	1.0	0.0	7.51931	7.30293	-6.5568	18.68028	25.04607	1.44171	0.69362	136.11898	135.20141	51.08796	0.3322	 	2.355576891E8	 	2.29609E-8	 	29114.659	33.5356	 
830.0	1.0	0.0	7.52165	7.30066	-6.58591	18.66143	24.97698	1.43917	0.69484	136.51926	135.44369	51.24559	0.33201	 	2.686148113E8	 	2.00443E-8	 	28947.217	33.4884	 
825.0	1.0	0.0	7.52399	7.29838	-6.61497	18.64259	24.90789	1.43662	0.69608	136.91912	135.685	51.40311	0.33182	 	3.066792141E8	 	1.74769E-8	 	28780.009	33.4416	 
820.0	1.0	0.0	7.52633	7.29612	-6.64398	18.62377	24.8388	1.43406	0.69732	137.31858	135.92535	51.56053	0.33163	 	3.505642175E8	 	1.52194E-8	 	28613.035	33.3948	 
815.0	1.0	0.0	7.52867	7.29386	-6.67293	18.60497	24.7697	1.43148	0.69858	137.71761	136.16474	51.71783	0.33143	 	4.012240521E8	 	1.3237E-8	 	28446.291	33.3488	 
810.0	1.0	0.0	7.531	7.2916	-6.70183	18.58619	24.7006	1.42889	0.69984	138.11623	136.40317	51.87502	0.33124	 	4.59779785E8	 	1.14981E-8	 	28279.777	33.3028	 
805.0	1.0	0.0	7.53333	7.28934	-6.73068	18.56742	24.6315	1.42628	0.70112	138.51441	136.64063	52.0321	0.33105	 	5.275502942E8	 	9.97475E-9	 	28113.49	33.2574	 
800.0	1.0	0.0	7.53565	7.28709	-6.75947	18.54867	24.5624	1.42366	0.70241	138.91218	136.87714	52.18906	0.33086	 	6.060893251E8	 	8.64193E-9	 	27947.429	33.2122	 
795.0	1.0	0.0	7.53798	7.28485	-6.78821	18.52994	24.49329	1.42103	0.70372	139.3095	137.11268	52.3459	0.33066	 	6.972298917E8	 	7.47727E-9	 	27781.591	33.1676	 
790.0	1.0	0.0	7.5403	7.2826	-6.81689	18.51123	24.42418	1.41838	0.70503	139.7064	137.34725	52.50263	0.33047	 	8.031375557E8	 	6.46087E-9	 	27615.974	33.1234	 
785.0	1.0	0.0	7.54261	7.28037	-6.84552	18.49253	24.35507	1.41571	0.70636	140.10286	137.58087	52.65923	0.33028	 	9.263744559E8	 	5.57503E-9	 	27450.576	33.0796	 
780.0	1.0	0.0	7.54493	7.27813	-6.8741	18.47385	24.28595	1.41303	0.7077	140.49887	137.81352	52.81572	0.33009	 	1.069976375E9	 	4.804E-9	 	27285.396	33.036	 
775.0	1.0	0.0	7.54724	7.2759	-6.90262	18.45519	24.21683	1.41034	0.70905	140.89444	138.04521	52.97208	0.32989	 	1.237545642E9	 	4.13379E-9	 	27120.43	32.9932	 
770.0	1.0	0.0	7.54955	7.27368	-6.93109	18.43654	24.14771	1.40763	0.71041	141.28956	138.27594	53.12832	0.3297	 	1.433363302E9	 	3.55203E-9	 	26955.676	32.9508	 
765.0	1.0	0.0	7.55185	7.27146	-6.95951	18.41791	24.07859	1.4049	0.71179	141.68423	138.50571	53.28444	0.32951	 	1.662524759E9	 	3.04775E-9	 	26791.133	32.9086	 
760.0	1.0	0.0	7.55416	7.26924	-6.98787	18.3993	24.00946	1.40216	0.71318	142.07845	138.73452	53.44043	0.32932	 	1.931104082E9	 	2.61123E-9	 	26626.797	32.8672	 
755.0	1.0	0.0	7.55646	7.26703	-7.01618	18.38071	23.94033	1.39941	0.71459	142.47221	138.96236	53.59629	0.32912	 	2.246353345E9	 	2.23391E-9	 	26462.665	32.8264	 
750.0	1.0	0.0	7.55875	7.26482	-7.04444	18.36213	23.8712	1.39663	0.71601	142.86551	139.18925	53.75203	0.32893	 	2.616944872E9	 	1.90823E-9	 	26298.736	32.7858	 
745.0	1.0	0.0	7.56105	7.26262	-7.07264	18.34357	23.80206	1.39385	0.71744	143.25834	139.41517	53.90763	0.32874	 	3.053266136E9	 	1.62755E-9	 	26135.006	32.746	 
740.0	1.0	0.0	7.56334	7.26042	-7.10079	18.32503	23.73292	1.39104	0.71889	143.65071	139.64013	54.06311	0.32855	 	3.567779344E9	 	1.386E-9	 	25971.472	32.7068	 
735.0	1.0	0.0	7.56563	7.25822	-7.12889	18.3065	23.66378	1.38822	0.72035	144.0426	139.86413	54.21845	0.32835	 	4.175460679E9	 	1.17844E-9	 	25808.131	32.6682	 
730.0	1.0	0.0	7.56791	7.25603	-7.15693	18.28799	23.59463	1.38538	0.72182	144.43403	140.08717	54.37366	0.32816	 	4.894337775E9	 	1.00037E-9	 	25644.981	32.63	 
725.0	1.0	0.0	7.5702	7.25384	-7.18492	18.2695	23.52548	1.38253	0.72331	144.82497	140.30924	54.52873	0.32797	 	5.746148568E9	 	8.47824E-10	 	25482.017	32.5928	 
720.0	1.0	0.0	7.57247	7.25166	-7.21286	18.25103	23.45633	1.37966	0.72482	145.21544	140.53036	54.68367	0.32778	 	6.757150399E9	 	7.17361E-10	 	25319.236	32.5562	 
715.0	1.0	0.0	7.57475	7.24948	-7.24075	18.23257	23.38718	1.37677	0.72634	145.60542	140.75052	54.83847	0.32758	 	7.959115448E9	 	6.05961E-10	 	25156.635	32.5202	 
710.0	1.0	0.0	7.57702	7.2473	-7.26858	18.21413	23.31802	1.37387	0.72787	145.99491	140.96971	54.99314	0.32739	 	9.390557686E9	 	5.10993E-10	 	24994.209	32.4852	 
705.0	1.0	0.0	7.5793	7.24513	-7.29636	18.19571	23.24886	1.37095	0.72942	146.38392	141.18795	55.14766	0.3272	 	1.10982E10	 	4.30168E-10	 	24831.954	32.451	 
700.0	1.0	0.0	7.58156	7.24297	-7.32409	18.1773	23.17969	1.36801	0.73099	146.77243	141.40522	55.30204	0.32701	 	1.3139099999999998E10	 	3.61494E-10	 	24669.867	32.4174	 
695.0	1.0	0.0	7.58383	7.2408	-7.35176	18.15891	23.11053	1.36506	0.73257	147.16045	141.62154	55.45629	0.32681	 	1.5582399999999998E10	 	3.03245E-10	 	24507.943	32.3848	 
690.0	1.0	0.0	7.58609	7.23864	-7.37939	18.14054	23.04136	1.36208	0.73417	147.54797	141.83689	55.61038	0.32662	 	1.8513E10	 	2.53924E-10	 	24346.176	32.3534	 
685.0	1.0	0.0	7.58835	7.23649	-7.40696	18.12219	22.97218	1.35909	0.73579	147.93499	142.05129	55.76434	0.32643	 	2.20344E10	 	2.12236E-10	 	24184.562	32.3228	 
680.0	1.0	0.0	7.5906	7.23434	-7.43448	18.10385	22.903	1.35608	0.73742	148.3215	142.26472	55.91814	0.32624	 	2.6273699999999996E10	 	1.77062E-10	 	24023.095	32.2934	 
675.0	1.0	0.0	7.59286	7.23219	-7.46194	18.08553	22.83382	1.35306	0.73907	148.7075	142.4772	56.0718	0.32605	 	3.1386999999999996E10	 	1.4744E-10	 	23861.77	32.265	 
670.0	1.0	0.0	7.59511	7.23005	-7.48936	18.06723	22.76464	1.35001	0.74073	149.093	142.68872	56.22532	0.32585	 	3.75663E10	 	1.22537E-10	 	23700.581	32.2378	 
665.0	1.0	0.0	7.59735	7.22791	-7.51672	18.04894	22.69545	1.34695	0.74242	149.47797	142.89928	56.37868	0.32566	 	4.50486E10	 	1.01643E-10	 	23539.521	32.212	 
660.0	1.0	0.0	7.5996	7.22578	-7.54403	18.03067	22.62626	1.34387	0.74412	149.86244	143.10888	56.53189	0.32547	 	5.412669999999999E10	 	8.41446E-11	 	23378.582	32.1878	 
655.0	1.0	0.0	7.60184	7.22365	-7.57129	18.01242	22.55706	1.34077	0.74584	150.24638	143.31753	56.68495	0.32528	 	6.516329999999999E10	 	6.95187E-11	 	23217.758	32.1648	 
650.0	1.0	0.0	7.60408	7.22152	-7.59849	17.99419	22.48787	1.33765	0.74758	150.62979	143.52521	56.83786	0.32508	 	7.86085E10	 	5.73178E-11	 	23057.04	32.1436	 
645.0	1.0	0.0	7.60631	7.2194	-7.62565	17.97597	22.41866	1.33451	0.74934	151.01269	143.73194	56.99061	0.32489	 	9.502229999999998E10	 	4.71601E-11	 	22896.42	32.124	 
640.0	1.0	0.0	7.60855	7.21728	-7.65275	17.95777	22.34946	1.33135	0.75112	151.39505	143.93772	57.14321	0.3247	 	1.15103E11	 	3.87208E-11	 	22735.888	32.1064	 
635.0	1.0	0.0	7.61078	7.21516	-7.67981	17.93959	22.28025	1.32817	0.75291	151.77688	144.14253	57.29565	0.32451	 	1.39721E11	 	3.17235E-11	 	22575.434	32.0908	 
630.0	1.0	0.0	7.613	7.21305	-7.70681	17.92142	22.21104	1.32498	0.75473	152.15817	144.34639	57.44794	0.32431	 	1.69971E11	 	2.59341E-11	 	22415.047	32.0774	 
625.0	1.0	0.0	7.61523	7.21095	-7.73375	17.90327	22.14182	1.32176	0.75657	152.53893	144.54929	57.60006	0.32412	 	2.07223E11	 	2.11543E-11	 	22254.715	32.0664	 
620.0	1.0	0.0	7.61745	7.20885	-7.76065	17.88514	22.0726	1.31853	0.75842	152.91914	144.75124	57.75203	0.32393	 	2.532E11	 	1.72166E-11	 	22094.425	32.058	 
615.0	1.0	0.0	7.61966	7.20675	-7.7875	17.86703	22.00338	1.31527	0.7603	153.29881	144.95223	57.90383	0.32374	 	3.1008E11	 	1.39798E-11	 	21934.162	32.0526	 
610.0	1.0	0.0	7.62188	7.20465	-7.81429	17.84893	21.93415	1.31199	0.7622	153.67794	145.15227	58.05547	0.32354	 	3.80611E11	 	1.13251E-11	 	21773.911	32.0502	 
605.0	1.0	0.0	7.62409	7.20256	-7.84104	17.83085	21.86492	1.3087	0.76412	154.05651	145.35135	58.20695	0.32335	 	4.68278E11	 	9.15275E-12	 	21613.654	32.0514	 
600.0	1.0	0.0	7.6263	7.20048	-7.86773	17.81279	21.79569	1.30538	0.76606	154.43453	145.54948	58.35826	0.32316	 	5.7751E11	 	7.37931E-12	 	21453.372	32.0564	 
595.0	1.0	0.0	7.62851	7.1984	-7.89437	17.79475	21.72645	1.30204	0.76803	154.81199	145.74665	58.5094	0.32297	 	7.13947E11	 	5.93493E-12	 	21293.043	32.0658	 
590.0	1.0	0.0	7.63071	7.19632	-7.92096	17.77672	21.6572	1.29868	0.77001	155.1889	145.94287	58.66038	0.32277	 	8.84792E11	 	4.76137E-12	 	21132.645	32.0796	 
585.0	1.0	0.0	7.63291	7.19424	-7.9475	17.75871	21.58796	1.2953	0.77202	155.56524	146.13814	58.81119	0.32258	 	1.09927E12	 	3.81018E-12	 	20972.151	32.0988	 
580.0	1.0	0.0	7.63511	7.19217	-7.97399	17.74071	21.51871	1.29189	0.77406	155.94102	146.33245	58.96183	0.32239	 	1.36922E12	 	3.04115E-12	 	20811.531	32.124	 
575.0	1.0	0.0	7.6373	7.19011	-8.00043	17.72274	21.44945	1.28847	0.77611	156.31623	146.52581	59.1123	0.3222	 	1.70989E12	 	2.42097E-12	 	20650.753	32.1556	 
570.0	1.0	0.0	7.63949	7.18804	-8.02681	17.70478	21.3802	1.28502	0.7782	156.69087	146.71822	59.2626	0.322	 	2.14097E12	 	1.92212E-12	 	20489.781	32.1944	 
565.0	1.0	0.0	7.64168	7.18599	-8.05315	17.68684	21.31093	1.28155	0.7803	157.06494	146.90968	59.41272	0.32181	 	2.68794E12	 	1.52191E-12	 	20328.573	32.2416	 
560.0	1.0	0.0	7.64386	7.18393	-8.07943	17.66891	21.24167	1.27806	0.78243	157.43843	147.10019	59.56267	0.32162	 	3.38388E12	 	1.2017E-12	 	20167.082	32.2982	 
555.0	1.0	0.0	7.64605	7.18188	-8.10567	17.651	21.1724	1.27455	0.78459	157.81135	147.28974	59.71245	0.32143	 	4.2719E12	 	9.46183E-13	 	20002.19	32.9784	 
550.0	1.0	0.0	7.64823	7.17983	-8.13186	17.63311	21.10312	1.27101	0.78677	158.18368	147.47835	59.86205	0.32124	 	5.40825E12	 	7.42863E-13	 	19837.07	33.024	 
545.0	1.0	0.0	7.6504	7.17779	-8.15799	17.61524	21.03384	1.26745	0.78898	158.55543	147.666	60.01147	0.32104	 	6.86668E12	 	5.81531E-13	 	19672.664	32.8812	 
540.0	1.0	0.0	7.65258	7.17575	-8.18407	17.59738	20.96456	1.26387	0.79122	158.92659	147.85271	60.16071	0.32085	 	8.74407E12	 	4.53883E-13	 	19508.951	32.7426	 
535.0	1.0	0.0	7.65475	7.17372	-8.21011	17.57954	20.89528	1.26026	0.79348	159.29716	148.03846	60.30977	0.32066	 	1.11681E13	 	3.53181E-13	 	19345.909	32.6084	 
530.0	1.0	0.0	7.65691	7.17169	-8.23609	17.56172	20.82598	1.25663	0.79578	159.66713	148.22327	60.45865	0.32047	 	1.43078E13	 	2.73975E-13	 	19183.521	32.4776	 
525.0	1.0	0.0	7.65908	7.16966	-8.26203	17.54392	20.75669	1.25298	0.7981	160.03651	148.40713	60.60735	0.32027	 	1.83871E13	 	2.11864E-13	 	19021.767	32.3508	 
520.0	1.0	0.0	7.66124	7.16764	-8.28791	17.52613	20.68739	1.2493	0.80045	160.4053	148.59005	60.75587	0.32008	 	2.37045E13	 	1.6331E-13	 	18860.631	32.2272	 
515.0	1.0	0.0	7.6634	7.16562	-8.31374	17.50836	20.61809	1.2456	0.80283	160.77348	148.77201	60.9042	0.31989	 	3.06583E13	 	1.25472E-13	 	18700.095	32.1072	 
510.0	1.0	0.0	7.66555	7.1636	-8.33953	17.4906	20.54878	1.24187	0.80524	161.14106	148.95303	61.05234	0.3197	 	3.97826E13	 	9.60811E-14	 	18540.145	31.99	 
505.0	1.0	0.0	7.66771	7.16159	-8.36526	17.47287	20.47946	1.23812	0.80768	161.50803	149.1331	61.2003	0.3195	 	5.17958E13	 	7.33256E-14	 	18380.766	31.8758	 
500.0	1.0	0.0	7.66986	7.15959	-8.39095	17.45515	20.41015	1.23434	0.81015	161.87439	149.31223	61.34808	0.31931	 	6.76674E13	 	5.57662E-14	 	18221.945	31.7642	 
495.0	1.0	0.0	7.672	7.15758	-8.41658	17.43745	20.34083	1.23054	0.81265	162.24014	149.49042	61.49566	0.31912	 	8.87108E13	 	4.22626E-14	 	18063.669	31.6552	 
490.0	1.0	0.0	7.67415	7.15558	-8.44216	17.41976	20.2715	1.22671	0.81519	162.60528	149.66765	61.64305	0.31893	 	1.16712E14	 	3.19139E-14	 	17905.924	31.549	 
485.0	1.0	0.0	7.67629	7.15359	-8.4677	17.40209	20.20217	1.22285	0.81776	162.9698	149.84395	61.79025	0.31873	 	1.54109E14	 	2.40112E-14	 	17748.701	31.4446	 
480.0	1.0	0.0	7.67843	7.1516	-8.49319	17.38444	20.13283	1.21897	0.82036	163.3337	150.0193	61.93726	0.31854	 	2.04242E14	 	1.7998E-14	 	17591.987	31.3428	 
475.0	1.0	0.0	7.68056	7.14961	-8.51862	17.36681	20.06349	1.21507	0.823	163.69698	150.19371	62.08408	0.31835	 	2.7170499999999997E14	 	1.34393E-14	 	17435.773	31.2428	 
470.0	1.0	0.0	7.68269	7.14762	-8.54401	17.3492	19.99415	1.21113	0.82567	164.05963	150.36718	62.2307	0.31816	 	3.62844E14	 	9.9964E-15	 	17280.049	31.1448	 
465.0	1.0	0.0	7.68482	7.14564	-8.56935	17.3316	19.9248	1.20717	0.82838	164.42166	150.53971	62.37713	0.31796	 	4.86457E14	 	7.40605E-15	 	17124.805	31.0488	 
460.0	1.0	0.0	7.68695	7.14367	-8.59464	17.31401	19.85544	1.20318	0.83113	164.78305	150.7113	62.52336	0.31777	 	6.54798E14	 	5.46477E-15	 	16970.032	30.9546	 
455.0	1.0	0.0	7.68907	7.14169	-8.61988	17.29645	19.78608	1.19916	0.83391	165.14382	150.88194	62.6694	0.31758	 	8.85001E14	 	4.01572E-15	 	16815.723	30.8618	 
450.0	1.0	0.0	7.69119	7.13973	-8.64507	17.2789	19.71672	1.19512	0.83674	165.50394	151.05165	62.81523	0.31739	 	1.20113E15	 	2.93849E-15	 	16661.868	30.771	 
445.0	1.0	0.0	7.69331	7.13776	-8.67021	17.26137	19.64735	1.19105	0.8396	165.86343	151.22042	62.96087	0.31719	 	1.63714E15	 	2.141E-15	 	16508.462	30.6812	 
440.0	1.0	0.0	7.69542	7.1358	-8.6953	17.24386	19.57798	1.18695	0.8425	166.22229	151.38825	63.1063	0.317	 	2.24114E15	 	1.5531E-15	 	16355.496	30.5932	 
435.0	1.0	0.0	7.69753	7.13384	-8.72035	17.22636	19.5086	1.18282	0.84544	166.58049	151.55514	63.25154	0.31681	 	3.08161E15	 	1.12159E-15	 	16202.964	30.5064	 
430.0	1.0	0.0	7.69964	7.13189	-8.74534	17.20888	19.43922	1.17866	0.84842	166.93806	151.7211	63.39657	0.31662	 	4.25652E15	 	8.06268E-16	 	16050.859	30.421	 
425.0	1.0	0.0	7.70175	7.12994	-8.77029	17.19142	19.36983	1.17447	0.85145	167.29497	151.88613	63.5414	0.31642	 	5.90667E15	 	5.7689E-16	 	15899.176	30.3366	 
420.0	1.0	0.0	7.70385	7.12799	-8.79519	17.17398	19.30043	1.17025	0.85452	167.65124	152.05021	63.68602	0.31623	 	8.23539E15	 	4.10799E-16	 	15747.908	30.2536	 
415.0	1.0	0.0	7.70595	7.12605	-8.82003	17.15655	19.23103	1.166	0.85763	168.00685	152.21337	63.83044	0.31604	 	1.15378E16	 	2.91102E-16	 	15597.05	30.1716	 
410.0	1.0	0.0	7.70805	7.12411	-8.84484	17.13914	19.16163	1.16172	0.86079	168.36181	152.37559	63.97465	0.31585	 	1.62446E16	 	2.05255E-16	 	15446.596	30.0908	 
405.0	1.0	0.0	7.71014	7.12218	-8.86959	17.12175	19.09222	1.15741	0.864	168.71612	152.53688	64.11866	0.31566	 	2.29872E16	 	1.43988E-16	 	15296.542	30.0108	 
400.0	1.0	0.0	7.71223	7.12025	-8.89429	17.10437	19.02281	1.15307	0.86725	169.06976	152.69723	64.26246	0.31546	 	3.26966E16	 	1.00484E-16	 	15146.882	29.932	 
395.0	1.0	0.0	7.71432	7.11832	-8.91895	17.08701	18.95338	1.1487	0.87055	169.42275	152.85666	64.40604	0.31527	 	4.67532E16	 	6.97509E-17	 	14997.613	29.8538	 
390.0	1.0	0.0	7.7164	7.1164	-8.94355	17.06967	18.88396	1.14429	0.8739	169.77507	153.01516	64.54942	0.31508	 	6.7214400000000008E16	 	4.81544E-17	 	14848.73	29.7766	 
385.0	1.0	0.0	7.71849	7.11448	-8.96811	17.05235	18.81453	1.13985	0.87731	170.12672	153.17272	64.69259	0.31489	 	9.7165E16	 	3.30599E-17	 	14700.228	29.7004	 
380.0	1.0	0.0	7.72056	7.11256	-8.99262	17.03504	18.74509	1.13538	0.88076	170.47771	153.32937	64.83554	0.31469	 	1.41257E17	 	2.25679E-17	 	14552.104	29.6248	 
375.0	1.0	0.0	7.72264	7.11065	-9.01709	17.01775	18.67565	1.13088	0.88427	170.82803	153.48508	64.97828	0.3145	 	2.06545E17	 	1.53161E-17	 	14404.354	29.55	 
370.0	1.0	0.0	7.72471	7.10874	-9.0415	17.00048	18.6062	1.12635	0.88783	171.17767	153.63987	65.12081	0.31431	 	3.038E17	 	1.03326E-17	 	14256.974	29.476	 
365.0	1.0	0.0	7.72678	7.10684	-9.06587	16.98322	18.53675	1.12178	0.89144	171.52664	153.79373	65.26312	0.31412	 	4.4956E17	 	6.92822E-18	 	14109.961	29.4026	 
360.0	1.0	0.0	7.72885	7.10494	-9.09019	16.96598	18.46729	1.11717	0.89511	171.87494	153.94667	65.40522	0.31392	 	6.69386E17	 	4.61654E-18	 	13963.312	29.3298	 
355.0	1.0	0.0	7.73091	7.10304	-9.11446	16.94876	18.39783	1.11254	0.89885	172.22256	154.09869	65.5471	0.31373	 	1.00304E18	 	3.05655E-18	 	13817.023	29.2578	 
350.0	1.0	0.0	7.73298	7.10115	-9.13868	16.93156	18.32835	1.10787	0.90264	172.56949	154.24978	65.68876	0.31354	 	1.51279E18	 	2.01048E-18	 	13671.092	29.1862	 
345.0	1.0	0.0	7.73503	7.09926	-9.16286	16.91437	18.25888	1.10316	0.90649	172.91575	154.39996	65.83021	0.31335	 	2.29683E18	 	1.31357E-18	 	13525.515	29.1154	 
340.0	1.0	0.0	7.73709	7.09737	-9.18699	16.8972	18.1894	1.09841	0.9104	173.26132	154.54921	65.97144	0.31315	 	3.51103E18	 	8.52351E-19	 	13380.291	29.0448	 
335.0	1.0	0.0	7.73914	7.09549	-9.21107	16.88005	18.11991	1.09364	0.91438	173.60621	154.69755	66.11244	0.31296	 	5.40472E18	 	5.49192E-19	 	13235.415	28.9752	 
330.0	1.0	0.0	7.74119	7.09361	-9.23511	16.86291	18.05041	1.08882	0.91843	173.95041	154.84497	66.25323	0.31277	 	8.3795E18	 	3.51313E-19	 	13090.887	28.9056	 
325.0	1.0	0.0	7.74324	7.09174	-9.25909	16.8458	17.98091	1.08397	0.92254	174.29392	154.99148	66.39379	0.31258	 	1.30872E19	 	2.23074E-19	 	12946.704	28.8366	 
320.0	1.0	0.0	7.74528	7.08987	-9.28303	16.8287	17.91141	1.07908	0.92672	174.63674	155.13707	66.53414	0.31238	 	2.0594E19	 	1.40575E-19	 	12802.862	28.7684	 
315.0	1.0	0.0	7.74732	7.088	-9.30692	16.81161	17.84189	1.07415	0.93097	174.97887	155.28175	66.67426	0.31219	 	3.26576E19	 	8.79003E-20	 	12659.361	28.7002	 
310.0	1.0	0.0	7.74936	7.08614	-9.33077	16.79454	17.77237	1.06918	0.93529	175.3203	155.42552	66.81416	0.312	 	5.21989E19	 	5.45263E-20	 	12516.199	28.6324	 
305.0	1.0	0.0	7.75139	7.08428	-9.35457	16.77749	17.70285	1.06418	0.93969	175.66104	155.56838	66.95383	0.31181	 	8.41127E19	 	3.35479E-20	 	12373.372	28.5654	 
300.0	1.0	0.0	7.75342	7.08242	-9.37832	16.76046	17.63332	1.05914	0.94417	176.00109	155.71033	67.09328	0.31161	 	1.3667099999999998E20	 	2.04681E-20	 	12230.881	28.4982	 
295.0	1.0	0.0	7.75545	7.08057	-9.40202	16.74345	17.56378	1.05405	0.94872	176.34043	155.85138	67.23251	0.31142	 	2.2397699999999997E20	 	1.23807E-20	 	12088.722	28.4318	 
290.0	1.0	0.0	7.75748	7.07872	-9.42568	16.72645	17.49423	1.04893	0.95335	176.67908	155.99152	67.3715	0.31123	 	3.7028899999999997E20	 	7.42284E-21	 	11946.895	28.3654	 
285.0	1.0	0.0	7.7595	7.07687	-9.44929	16.70947	17.42468	1.04377	0.95807	177.01703	156.13076	67.51028	0.31104	 	6.17717E20	 	4.41009E-21	 	11805.397	28.2996	 
280.0	1.0	0.0	7.76152	7.07503	-9.47285	16.6925	17.35513	1.03856	0.96287	177.35427	156.26909	67.64882	0.31085	 	1.04006E21	 	2.59581E-21	 	11664.228	28.2338	 
275.0	1.0	0.0	7.76354	7.07319	-9.49637	16.67556	17.28556	1.03332	0.96776	177.69082	156.40653	67.78714	0.31065	 	1.76788E21	 	1.51333E-21	 	11523.386	28.1684	 
270.0	1.0	0.0	7.76555	7.07136	-9.51984	16.65863	17.21599	1.02803	0.97273	178.02666	156.54307	67.92523	0.31046	 	3.0345200000000003E21	 	8.73607E-22	 	11382.87	28.1032	 
265.0	1.0	0.0	7.76756	7.06953	-9.54327	16.64172	17.14641	1.0227	0.9778	178.36179	156.67872	68.0631	0.31027	 	5.26124E21	 	4.99231E-22	 	11242.679	28.0382	 
260.0	1.0	0.0	7.76957	7.0677	-9.56664	16.62482	17.07683	1.01733	0.98297	178.69623	156.81347	68.20073	0.31008	 	9.21657E21	 	2.82336E-22	 	11102.812	27.9734	 
255.0	1.0	0.0	7.77157	7.06588	-9.58997	16.60794	17.00723	1.01191	0.98823	179.02995	156.94733	68.33814	0.30988	 	1.63178E22	 	1.57973E-22	 	10963.268	27.9088	 
250.0	1.0	0.0	7.77358	7.06406	-9.61326	16.59108	16.93764	1.00645	0.99359	179.36297	157.0803	68.47531	0.30969	 	2.9207599999999996E22	 	8.74214E-23	 	10824.046	27.8444	 
245.0	1.0	0.0	7.77558	7.06224	-9.6365	16.57424	16.86803	1.00094	0.99906	179.69529	157.21238	68.61226	0.3095	 	5.2869999999999994E22	 	4.78336E-23	 	10685.145	27.7802	 
240.0	1.0	0.0	7.77757	7.06043	-9.65969	16.55741	16.79842	0.99539	1.00463	180.02689	157.34358	68.74898	0.30931	 	9.68157E22	 	2.58693E-23	 	10546.565	27.716	 
235.0	1.0	0.0	7.77957	7.05862	-9.68284	16.5406	16.7288	0.98979	1.01031	180.35779	157.4739	68.88547	0.30911	 	1.79413E23	 	1.38238E-23	 	10408.306	27.6518	 
230.0	1.0	0.0	7.78156	7.05681	-9.70594	16.52381	16.65917	0.98415	1.0161	180.68799	157.60334	69.02172	0.30892	 	3.3657699999999996E23	 	7.29625E-24	 	10270.366	27.588	 
225.0	1.0	0.0	7.78354	7.05501	-9.72899	16.50704	16.58953	0.97846	1.02201	181.01747	157.7319	69.15775	0.30873	 	6.39443E23	 	3.80229E-24	 	10132.746	27.524	 
220.0	1.0	0.0	7.78553	7.05321	-9.752	16.49028	16.51989	0.97272	1.02804	181.34625	157.85959	69.29355	0.30854	 	1.23075E24	 	1.95567E-24	 	9995.446	27.46	 
215.0	1.0	0.0	7.78751	7.05142	-9.77496	16.47354	16.45024	0.96694	1.03419	181.67433	157.98641	69.42912	0.30834	 	2.4008500000000002E24	 	9.92372E-25	 	9858.465	27.3962	 
210.0	1.0	0.0	7.78949	7.04963	-9.79788	16.45681	16.38058	0.9611	1.04047	182.00169	158.11236	69.56445	0.30815	 	4.74861E24	 	4.96594E-25	 	9721.803	27.3324	 
205.0	1.0	0.0	7.79146	7.04784	-9.82075	16.44011	16.31092	0.95522	1.04688	182.32836	158.23745	69.69956	0.30796	 	9.52715E24	 	2.44956E-25	 	9585.46	27.2686	 
200.0	1.0	0.0	7.79344	7.04606	-9.84358	16.42342	16.24124	0.94929	1.05342	182.65432	158.36168	69.83444	0.30777	 	1.93977E25	 	1.19052E-25	 	9449.437	27.2046	 
195.0	1.0	0.0	7.79541	7.04428	-9.86636	16.40675	16.17156	0.9433	1.06011	182.97957	158.48505	69.96909	0.30757	 	4.0099E25	 	5.6982E-26	 	9313.734	27.1406	 
190.0	1.0	0.0	7.79737	7.0425	-9.88909	16.39009	16.10187	0.93727	1.06693	183.30413	158.60756	70.10351	0.30738	 	8.42029E25	 	2.68461E-26	 	9178.352	27.0764	 
185.0	1.0	0.0	7.79934	7.04073	-9.91178	16.37345	16.03218	0.93118	1.07391	183.62798	158.72923	70.23771	0.30719	 	1.79702E26	 	1.24435E-26	 	9043.291	27.0122	 
180.0	1.0	0.0	7.8013	7.03896	-9.93443	16.35683	15.96247	0.92504	1.08104	183.95114	158.85005	70.37167	0.307	 	3.89982E26	 	5.67132E-27	 	8908.552	26.9478	 
175.0	1.0	0.0	7.80325	7.03719	-9.95703	16.34023	15.89276	0.91884	1.08832	184.2736	158.97003	70.50541	0.3068	 	8.61081E26	 	2.54019E-27	 	8774.136	26.8832	 
170.0	1.0	0.0	7.80521	7.03543	-9.97958	16.32364	15.82304	0.9126	1.09577	184.59536	159.08917	70.63892	0.30661	 	1.93556E27	 	1.11746E-27	 	8640.043	26.8186	 
165.0	1.0	0.0	7.80716	7.03367	-10.00209	16.30708	15.75331	0.90629	1.1034	184.91643	159.20748	70.77221	0.30642	 	4.4319699999999997E27	 	4.82517E-28	 	8506.276	26.7534	 
160.0	1.0	0.0	7.80911	7.03191	-10.02455	16.29052	15.68357	0.89994	1.11119	185.23682	159.32496	70.90527	0.30623	 	1.0344100000000001E28	 	2.04376E-28	 	8372.835	26.6882	 
155.0	1.0	0.0	7.81106	7.03016	-10.04697	16.27399	15.61382	0.89352	1.11917	185.55651	159.44161	71.03811	0.30604	 	2.46257E28	 	8.48581E-29	 	8239.722	26.6226	 
150.0	1.0	0.0	7.813	7.02841	-10.06934	16.25747	15.54407	0.88705	1.12733	185.87553	159.55746	71.17072	0.30584	 	5.98393E28	 	3.45139E-29	 	8106.938	26.5568	 
145.0	1.0	0.0	7.81494	7.02667	-10.09167	16.24097	15.4743	0.88052	1.13569	186.19387	159.67249	71.30312	0.30565	 	1.4852700000000002E29	 	1.37409E-29	 	7974.486	26.4904	 
140.0	1.0	0.0	7.81688	7.02493	-10.11396	16.22449	15.40453	0.87393	1.14426	186.51153	159.78671	71.43529	0.30546	 	3.7686000000000006E29	 	5.35075E-30	 	7842.368	26.4236	 
135.0	1.0	0.0	7.81881	7.02319	-10.1362	16.20802	15.33475	0.86728	1.15303	186.82852	159.90013	71.56725	0.30527	 	9.782790000000001E29	 	2.03631E-30	 	7710.585	26.3566	 
130.0	1.0	0.0	7.82074	7.02145	-10.15839	16.19157	15.26496	0.86058	1.16201	187.14484	160.01276	71.69899	0.30507	 	2.60029E30	 	7.56714E-31	 	7579.141	26.2888	 
125.0	1.0	0.0	7.82267	7.01972	-10.18054	16.17514	15.19516	0.85381	1.17123	187.46051	160.12461	71.83052	0.30488	 	7.08343E30	 	2.7434E-31	 	7448.037	26.2208	 
120.0	1.0	0.0	7.8246	7.01799	-10.20265	16.15873	15.12535	0.84698	1.18067	187.77552	160.23568	71.96184	0.30469	 	1.97941E31	 	9.69414E-32	 	7317.278	26.1518	 
115.0	1.0	0.0	7.82652	7.01627	-10.22471	16.14233	15.05553	0.84008	1.19036	188.08988	160.34597	72.09294	0.3045	 	5.67971E31	 	3.3355E-32	 	7186.866	26.0824	 
110.0	1.0	0.0	7.82844	7.01455	-10.24672	16.12595	14.9857	0.83312	1.2003	188.4036	160.4555	72.22384	0.3043	 	1.67519E32	 	1.11633E-32	 	7056.804	26.0124	 
105.0	1.0	0.0	7.83036	7.01283	-10.2687	16.10959	14.91586	0.8261	1.2105	188.71669	160.56428	72.35454	0.30411	 	5.0842199999999995E32	 	3.63016E-33	 	6927.097	25.9414	 
100.0	1.0	0.0	7.83227	7.01112	-10.29062	16.09324	14.84602	0.81901	1.22098	189.02915	160.67231	72.48503	0.30392	 	1.58967E33	 	1.14568E-33	 	6797.748	25.8698	 
95.0	1.0	0.0	7.83418	7.00941	-10.31251	16.07691	14.77616	0.81186	1.23174	189.341	160.77961	72.61533	0.30373	 	5.1266800000000003E33	 	3.5049E-34	 	6668.762	25.7972	 
90.0	1.0	0.0	7.83609	7.0077	-10.33435	16.0606	14.70629	0.80464	1.24279	189.65223	160.88618	72.74542	0.30353	 	1.70753E34	 	1.03802E-34	 	6540.143	25.7238	 
85.0	1.0	0.0	7.838	7.006	-10.35614	16.04431	14.63642	0.79735	1.25416	189.96287	160.99203	72.87533	0.30334	 	5.88155E34	 	2.97208E-35	 	6411.897	25.6492	 
80.0	1.0	0.0	7.8399	7.0043	-10.3779	16.02803	14.56653	0.78999	1.26584	190.27292	161.09718	73.00506	0.30315	 	2.09809E35	 	8.21528E-36	 	6284.029	25.5736	 
75.0	1.0	0.0	7.8418	7.0026	-10.3996	16.01177	14.49663	0.78256	1.27786	190.58239	161.20164	73.13459	0.30296	 	7.76284E35	 	2.18893E-36	 	6156.545	25.4968	 
70.0	1.0	0.0	7.8437	7.00091	-10.42127	15.99553	14.42672	0.77506	1.29023	190.8913	161.30541	73.26396	0.30276	 	2.98384E36	 	5.613E-37	 	6029.45	25.419	 
65.0	1.0	0.0	7.84559	6.99922	-10.44289	15.9793	14.35681	0.76748	1.30296	191.19966	161.40852	73.39314	0.30257	 	1.1935E37	 	1.38284E-37	 	5902.753	25.3394	 
60.0	1.0	0.0	7.84748	6.99753	-10.46447	15.96309	14.28688	0.75984	1.31607	191.50749	161.51098	73.52217	0.30238	 	4.97672E37	 	3.26726E-38	 	5776.46	25.2586	 
55.0	1.0	0.0	7.84937	6.99585	-10.486	15.9469	14.21694	0.75211	1.32958	191.8148	161.6128	73.65103	0.30219	 	2.1675099999999998E38	 	7.38923E-39	 	5650.579	25.1762	 
50.0	1.0	0.0	7.85125	6.99417	-10.50749	15.93073	14.14699	0.74432	1.34351	192.1216	161.714	73.77973	0.30199	 	9.879879999999999E38	 	1.59639E-39	 	5525.118	25.0922	 
45.0	1.0	0.0	7.85313	6.99249	-10.52894	15.91457	14.07703	0.73644	1.35788	192.42792	161.8146	73.90829	0.3018	 	4.72335E39	 	3.28752E-40	 	5400.087	25.0062	 
40.0	1.0	0.0	7.85501	6.99082	-10.55034	15.89843	14.00706	0.72849	1.3727	192.73378	161.91461	74.0367	0.30161	 	2.37382E40	 	6.4386E-41	 	5275.495	24.9184	 
35.0	1.0	0.0	7.85689	6.98915	-10.5717	15.88231	13.93708	0.72046	1.38801	193.03919	162.01406	74.16499	0.30142	 	1.2571900000000001E41	 	1.19633E-41	 	5151.352	24.8286	 
30.0	1.0	0.0	7.85876	6.98749	-10.59302	15.8662	13.86708	0.71234	1.40381	193.34418	162.11296	74.29315	0.30122	 	7.034500000000001E41	 	2.10335E-42	 	5027.671	24.7362	 
25.0	1.0	0.0	7.86063	6.98582	-10.61429	 	13.79708	0.70415	1.42015	193.64878	162.21134	74.4212	0.30103	 	4.17012E42	 	3.48958E-43	 	4904.462	 	 
