T (C)	Fraction solid (wt)-TOTAL	Fraction liquid (wt)-LIQUID	Density (g/(cm)^3)-TOTAL	Molar volume (cm^3)-TOTAL	Volume change (%)-  	Average expansion coeff. (10e-6 1/K)-  	Thermal conductivity (W/(m*K))-TOTAL	Electrical resistivity (10e-6 Ohm*m)-TOTAL	Electrical conductivity (10e6 1/(Ohm*m))-TOTAL	Young's modulus (GPa)-TOTAL	Bulk modulus (GPa)-TOTAL	Shear modulus(GPa)-TOTAL	Poisson's ratio-TOTAL	Liquid viscosity (mPa s)-  	Total viscosity (mPa s)-  	Liquid diffusivity (10e-9 (m^2)/s)-  	Total diffusivity (10e-9 (m^2)/s)-  	Surface Tension (mN/m)-  	Enthalpy (J/mole)-TOTAL	Specific heat (J/(mole K))-TOTAL	Latent heat (J/mole)-TOTAL
1500.0	0.0	1.0	6.94841	7.85396	0.0	29.0306	31.33808	1.8437	0.54239	0.0	106.16373	0.0	0.49779	6.6249	6.6249	1.30633	1.30633	1765.93266	64445.297	 	0.0
1495.0	0.0	1.0	6.9523	7.84956	-0.056013	28.98601	31.26305	1.84292	0.54262	0.0	106.34866	0.0	0.49779	6.68272	6.68272	1.29138	1.29138	1767.72195	64224.111	44.2372	0.0
1490.0	0.0	1.0	6.95619	7.84518	-0.11187	28.94152	31.18802	1.84213	0.54285	0.0	106.53358	0.0	0.49779	6.74137	6.74137	1.27652	1.27652	1769.50811	64003.422	44.1378	0.0
1485.0	0.0	1.0	6.96007	7.8408	-0.16757	28.89712	31.11299	1.84133	0.54309	0.0	106.7185	0.0	0.49779	6.80087	6.80087	1.26176	1.26176	1771.29111	63783.23	44.0384	0.0
1480.0	0.0	1.0	6.96394	7.83644	-0.22312	28.85283	31.03795	1.84053	0.54332	0.0	106.90343	0.0	0.49779	6.86124	6.86124	1.2471	1.2471	1773.07091	63563.528	43.9404	0.0
1475.0	0.0	1.0	6.96781	7.83209	-0.27851	28.80863	30.96292	1.83973	0.54356	0.0	107.08835	0.0	0.49779	6.9225	6.9225	1.23254	1.23254	1774.84747	63344.316	43.8424	0.0
1470.0	0.0	1.0	6.97167	7.82775	-0.33374	28.76453	30.88789	1.83893	0.5438	0.0	107.27327	0.0	0.49779	6.98466	6.98466	1.21808	1.21808	1776.62074	63125.589	43.7454	0.0
1465.0	0.0	1.0	6.97553	7.82342	-0.38882	28.72053	30.81286	1.83812	0.54404	0.0	107.4582	0.0	0.49779	7.04774	7.04774	1.20372	1.20372	1778.3907	62907.345	43.6488	0.0
1460.0	0.0	1.0	6.97938	7.81911	-0.44374	28.67664	30.73783	1.8373	0.54428	0.0	107.64312	0.0	0.49779	7.11177	7.11177	1.18945	1.18945	1780.1573	62689.58	43.553	0.0
1455.0	0.0	1.0	6.98322	7.81481	-0.49851	28.63284	30.6628	1.83649	0.54452	0.0	107.82804	0.0	0.49779	7.17674	7.17674	1.17528	1.17528	1781.9205	62472.291	43.4578	0.0
1450.0	0.0	1.0	6.98705	7.81052	-0.55312	28.58915	30.58776	1.83566	0.54476	0.0	108.01297	0.0	0.49779	7.2427	7.2427	1.16121	1.16121	1783.68025	62255.504	43.3574	0.0
1445.0	0.0	1.0	6.99088	7.80624	-0.60758	28.54557	30.51273	1.83484	0.54501	0.0	108.19789	0.0	0.49779	7.30965	7.30965	1.14723	1.14723	1785.43652	62039.267	43.2474	0.0
1440.0	0.0	1.0	6.9947	7.80198	-0.66188	28.50209	30.4377	1.83401	0.54525	0.0	108.38281	0.0	0.49779	7.37761	7.37761	1.13336	1.13336	1787.18927	61823.569	43.1396	0.0
1435.0	0.0	1.0	6.99852	7.79773	-0.71602	28.45872	30.36267	1.83317	0.5455	0.0	108.56774	0.0	0.49779	7.44661	7.44661	1.11958	1.11958	1788.93843	61608.408	43.0322	0.0
1430.0	0.0	1.0	7.00233	7.79349	-0.77001	28.41545	30.28764	1.83234	0.54575	0.0	108.75266	0.0	0.49779	7.51666	7.51666	1.1059	1.1059	1790.68398	61393.78	42.9256	0.0
1429.08	0.0	1.0	7.00303	7.79271	-0.77993	28.4075	30.27383	1.83218	0.5458	0.0	108.78669	0.0	0.49779	7.52967	7.52967	1.10339	1.10339	1791.00477	61354.363	42.8441	0.0
1425.0	0.19321	0.80679	7.03467	7.75769	-1.22578	27.29236	30.59529	1.80859	0.55292	0.10394	106.97667	0.0353086	0.47189	7.57	21.8626	1.09488	0.37911	1788.56081	58995.203	578.227	2184.476
1421.32	0.32524	0.67476	7.05687	7.73341	-1.53491	26.53158	30.81361	1.79188	0.55807	0.84898	105.78256	0.29196	0.45395	7.60704	112.98596	1.08719	0.0731974	1786.4946	57351.188	 	3671.139
1420.0	0.37486	0.62514	7.06535	7.72414	-1.65288	26.23854	30.93327	1.78356	0.56068	1.27341	104.88946	0.44002	0.44698	7.61495	189.81089	1.08521	0.0435373	1785.50456	56776.709	443.699	4189.398
1415.0	0.53118	0.46882	7.09272	7.6946	-2.02908	25.31488	31.30777	1.75702	0.56915	3.82256	102.24788	1.34138	0.42486	7.64587	739.1891	1.07763	0.0111466	1782.06962	54931.036	369.135	5822.02
1410.0	0.63958	0.36042	7.11296	7.67314	-2.30233	24.66415	31.55613	1.73803	0.57536	7.46435	100.60626	2.64818	0.40934	7.6783	1599.10434	1.0699	0.00513727	1778.95832	53587.267	268.754	6953.257
1405.0	0.71785	0.28215	7.12883	7.65662	-2.51268	24.18015	31.71875	1.72398	0.58005	12.1157	99.57885	4.33321	0.39801	7.71166	2651.39298	1.06211	0.00308918	1776.13547	52559.238	205.606	7769.268
1400.0	0.77633	0.22367	7.14189	7.64323	-2.68315	23.80172	31.82503	1.7131	0.58374	17.88178	98.94414	6.43488	0.38944	7.74623	3812.34146	1.05422	0.00214205	1773.5682	51738.617	164.124	8378.383
1395.0	0.82131	0.17869	7.15308	7.63199	-2.82618	23.49588	31.89256	1.70437	0.58673	24.78709	98.57264	8.96278	0.38278	7.78234	5034.38521	1.04619	0.00161724	1771.22245	51060.074	135.709	8845.928
1390.0	0.85671	0.14329	7.16299	7.62219	-2.95105	23.23784	31.93234	1.69714	0.58923	32.59876	98.38206	11.83289	0.37746	7.81958	6294.83617	1.03809	0.00128954	1769.07495	50482.262	115.562	9213.246
1385.0	0.88519	0.11481	7.17201	7.6134	-3.06288	23.01396	31.95187	1.69101	0.59136	40.83891	98.31956	14.87072	0.37313	7.85855	7585.75803	1.02984	0.00106687	1767.10009	49978.024	100.848	9507.491
1380.0	0.90847	0.0915283	7.1804	7.60533	-3.16574	22.81334	31.95623	1.68568	0.59323	48.95525	98.34956	17.873	0.36953	7.89856	8906.94449	1.02153	9.05879E-4	1765.28087	49528.931	89.8186	9747.089
1375.0	0.92782	0.0721809	7.18834	7.59777	-3.2619	22.62992	31.9489	1.68096	0.5949	56.50398	98.44843	20.67487	0.36649	7.94017	10262.37926	1.0131	7.83854E-4	1763.59827	49122.109	81.3644	9944.91
1370.0	0.94413	0.0558713	7.19595	7.59061	-3.35313	22.45889	31.93256	1.67672	0.5964	63.25634	98.59916	23.18985	0.36388	7.98304	11659.59481	1.00461	6.87829E-4	1762.03648	48748.176	74.7866	10110.335
1365.0	0.95803	0.0419744	7.20332	7.58373	-3.44069	22.29689	31.90894	1.67286	0.59778	69.1534	98.78987	25.39392	0.36161	8.02745	13105.50214	0.99601	6.1008E-4	1760.58199	48400.575	69.5202	10249.917
1360.21	0.96978	0.0302223	7.21035	7.57723	-3.52345	22.14381	31.88154	1.6694	0.59902	74.16717	98.99879	27.27416	0.35966	8.07099	14560.10815	0.98774	5.47524E-4	1759.28024	48085.267	 	10366.242
1360.0	0.97048	0.0295165	7.21076	7.57686	-3.5282	22.13385	31.881	1.66921	0.59908	74.46153	99.00529	27.38471	0.35955	8.07357	14638.03535	0.9873	5.4454E-4	1759.25127	48069.418	66.2314	10373.541
1356.05	0.98327	0.016733	7.21847	7.56989	-3.61698	21.94858	31.86834	1.66584	0.6003	79.75854	99.14422	29.37794	0.35746	8.12256	16162.20229	0.97897	4.91996E-4	1758.75903	47775.116	 	10504.374
1356.05	0.98327	0.016733	7.21847	7.56989	-3.61698	21.94858	31.86834	1.66584	0.6003	79.75854	99.14422	29.37794	0.35746	8.12256	16162.20229	0.97897	4.91996E-4	1758.75903	47775.116	 	10504.373
1355.0	0.98638	0.013615	7.22047	7.56809	-3.63984	21.90132	31.86387	1.665	0.6006	81.04436	99.18619	29.8629	0.35694	8.13593	16574.6648	0.97673	4.79442E-4	1758.83269	47699.627	73.9582	10536.281
1350.0	1.0	0.0	7.22973	7.55985	-3.74478	21.68606	31.83888	1.66119	0.60198	86.68633	99.40474	31.99566	0.35466	 	18586.56387	 	4.26232E-4	 	47356.004	68.7246	10673.334
1345.0	1.0	0.0	7.23236	7.55711	-3.7797	21.66867	31.77406	1.65945	0.60261	87.12692	99.7634	32.16335	0.35444	 	19732.71416	 	4.00238E-4	 	47093.575	52.4858	 
1340.0	1.0	0.0	7.23498	7.55437	-3.81458	21.6513	31.70923	1.6577	0.60324	87.56774	100.12128	32.33118	0.35423	 	20957.4299	 	3.75685E-4	 	46898.589	38.9972	 
1335.0	1.0	0.0	7.2376	7.55163	-3.8494	21.63394	31.6444	1.65595	0.60388	88.00877	100.47835	32.49914	0.35402	 	22266.61644	 	3.525E-4	 	46703.931	38.9316	 
1330.0	1.0	0.0	7.24022	7.5489	-3.88418	21.6166	31.57957	1.65419	0.60453	88.45	100.83462	32.66722	0.3538	 	23666.66102	 	3.30616E-4	 	46509.579	38.8704	 
1325.0	1.0	0.0	7.24284	7.54617	-3.9189	21.59928	31.51474	1.65242	0.60517	88.89144	101.19007	32.83544	0.35359	 	25164.4751	 	3.09968E-4	 	46315.529	38.81	 
1320.0	1.0	0.0	7.24545	7.54345	-3.95356	21.58198	31.44991	1.65065	0.60582	89.33307	101.54471	33.00378	0.35338	 	26767.54066	 	2.90492E-4	 	46121.778	38.7502	 
1315.0	1.0	0.0	7.24806	7.54073	-3.98818	21.56469	31.38508	1.64887	0.60648	89.77489	101.89853	33.17224	0.35316	 	28483.96098	 	2.72131E-4	 	45928.325	38.6906	 
1310.0	1.0	0.0	7.25067	7.53802	-4.02274	21.54742	31.32025	1.64708	0.60714	90.21688	102.25152	33.34082	0.35295	 	30322.51611	 	2.54826E-4	 	45735.168	38.6314	 
1305.0	1.0	0.0	7.25328	7.53531	-4.05726	21.53017	31.25542	1.64528	0.6078	90.65904	102.60368	33.50951	0.35274	 	32292.72382	 	2.38523E-4	 	45542.309	38.5718	 
1300.0	1.0	0.0	7.25589	7.5326	-4.09172	21.51293	31.19059	1.64348	0.60847	91.10136	102.955	33.67832	0.35252	 	34404.90623	 	2.2317E-4	 	45349.746	38.5126	 
1295.0	1.0	0.0	7.25849	7.5299	-4.12613	21.49572	31.12575	1.64167	0.60914	91.54383	103.30547	33.84724	0.35231	 	36670.26303	 	2.08718E-4	 	45157.479	38.4534	 
1290.0	1.0	0.0	7.26109	7.5272	-4.16048	21.47851	31.06092	1.63985	0.60981	91.98645	103.6551	34.01626	0.3521	 	39100.95177	 	1.95119E-4	 	44965.508	38.3942	 
1285.0	1.0	0.0	7.26369	7.5245	-4.19479	21.46133	30.99608	1.63802	0.61049	92.4292	104.00388	34.18539	0.35188	 	41710.17598	 	1.82328E-4	 	44773.833	38.335	 
1280.0	1.0	0.0	7.26629	7.52181	-4.22905	21.44416	30.93125	1.63619	0.61118	92.87209	104.35179	34.35462	0.35167	 	44512.28202	 	1.70302E-4	 	44582.453	38.276	 
1275.0	1.0	0.0	7.26889	7.51913	-4.26325	21.42701	30.86641	1.63435	0.61186	93.3151	104.69885	34.52394	0.35145	 	47522.86548	 	1.59E-4	 	44391.369	38.2168	 
1270.0	1.0	0.0	7.27148	7.51645	-4.2974	21.40988	30.80157	1.6325	0.61256	93.75822	105.04503	34.69337	0.35124	 	50758.88817	 	1.48383E-4	 	44200.579	38.158	 
1265.0	1.0	0.0	7.27407	7.51377	-4.3315	21.39276	30.73674	1.63064	0.61326	94.20144	105.39035	34.86288	0.35103	 	54238.80688	 	1.38412E-4	 	44010.085	38.0988	 
1260.0	1.0	0.0	7.27666	7.51109	-4.36555	21.37567	30.6719	1.62878	0.61396	94.64477	105.73478	35.03249	0.35081	 	57982.71504	 	1.29054E-4	 	43819.884	38.0402	 
1255.0	1.0	0.0	7.27925	7.50842	-4.39955	21.35858	30.60706	1.6269	0.61466	95.08819	106.07834	35.20219	0.3506	 	62012.49875	 	1.20274E-4	 	43629.979	37.981	 
1250.0	1.0	0.0	7.28184	7.50576	-4.4335	21.34152	30.54222	1.62502	0.61538	95.5317	106.42101	35.37197	0.35039	 	66352.00875	 	1.12041E-4	 	43440.367	37.9224	 
1245.0	1.0	0.0	7.28442	7.50309	-4.4674	21.32447	30.47738	1.62314	0.61609	95.97528	106.76279	35.54183	0.35017	 	71027.24999	 	1.04322E-4	 	43251.05	37.8634	 
1240.0	1.0	0.0	7.287	7.50044	-4.50124	21.30744	30.41254	1.62124	0.61681	96.41893	107.10367	35.71177	0.34996	 	76066.59073	 	9.70901E-5	 	43062.02	37.806	 
1235.0	1.0	0.0	7.28958	7.49778	-4.53504	21.29043	30.34769	1.61933	0.61754	96.86264	107.44366	35.88179	0.34975	 	81500.99335	 	9.03168E-5	 	42873.275	37.749	 
1230.0	1.0	0.0	7.29216	7.49513	-4.56878	21.27343	30.28285	1.61742	0.61827	97.30641	107.78274	36.05188	0.34953	 	87364.26926	 	8.3976E-5	 	42684.814	37.6922	 
1225.0	1.0	0.0	7.29474	7.49248	-4.60248	21.25645	30.21801	1.6155	0.619	97.75023	108.12092	36.22205	0.34932	 	93693.36053	 	7.80429E-5	 	42496.637	37.6354	 
1220.0	1.0	0.0	7.29731	7.48984	-4.63612	21.23949	30.15316	1.61357	0.61974	98.1941	108.45819	36.39228	0.34911	 	100528.6513	 	7.24937E-5	 	42308.742	37.579	 
1215.0	1.0	0.0	7.29988	7.4872	-4.66972	21.22255	30.08832	1.61163	0.62049	98.63799	108.79454	36.56258	0.34889	 	107914.3122	 	6.73061E-5	 	42121.129	37.5226	 
1210.0	1.0	0.0	7.30245	7.48457	-4.70326	21.20562	30.02347	1.60969	0.62124	99.08191	109.12997	36.73295	0.34868	 	115898.6817	 	6.24587E-5	 	41933.798	37.4662	 
1205.0	1.0	0.0	7.30502	7.48194	-4.73675	21.18871	29.95862	1.60773	0.62199	99.52586	109.46448	36.90338	0.34847	 	124534.6884	 	5.79315E-5	 	41746.746	37.4104	 
1200.0	1.0	0.0	7.30758	7.47931	-4.77019	21.17182	29.89378	1.60577	0.62275	99.96982	109.79807	37.07386	0.34825	 	133880.3189	 	5.37053E-5	 	41559.975	37.3542	 
1195.0	1.0	0.0	7.31015	7.47669	-4.80358	21.15494	29.82893	1.6038	0.62352	100.41378	110.13072	37.2444	0.34804	 	143999.1368	 	4.97619E-5	 	41373.484	37.2982	 
1190.0	1.0	0.0	7.31271	7.47407	-4.83693	21.13808	29.76408	1.60182	0.62429	100.85775	110.46245	37.415	0.34782	 	154960.8584	 	4.60844E-5	 	41187.27	37.2428	 
1185.0	1.0	0.0	7.31527	7.47146	-4.87022	21.12124	29.69923	1.59983	0.62507	101.3017	110.79323	37.58565	0.34761	 	166841.9918	 	4.26563E-5	 	41001.335	37.187	 
1180.0	1.0	0.0	7.31782	7.46885	-4.90346	21.10441	29.63438	1.59784	0.62585	101.74565	111.12308	37.75635	0.3474	 	179726.5472	 	3.94625E-5	 	40815.676	37.1318	 
1175.0	1.0	0.0	7.32038	7.46624	-4.93665	21.08761	29.56953	1.59583	0.62663	102.18958	111.45199	37.92709	0.34718	 	193706.8258	 	3.64884E-5	 	40630.294	37.0764	 
1170.0	1.0	0.0	7.32293	7.46364	-4.96979	21.07082	29.50467	1.59382	0.62742	102.63348	111.77994	38.09788	0.34697	 	208884.2978	 	3.37204E-5	 	40445.188	37.0212	 
1165.0	1.0	0.0	7.32548	7.46104	-5.00288	21.05404	29.43982	1.59179	0.62822	103.07734	112.10695	38.26871	0.34676	 	225370.5796	 	3.11454E-5	 	40260.357	36.9662	 
1160.0	1.0	0.0	7.32803	7.45844	-5.03593	21.03728	29.37497	1.58976	0.62903	103.52117	112.43301	38.43958	0.34654	 	243288.5216	 	2.87513E-5	 	40075.8	36.9114	 
1155.0	1.0	0.0	7.33058	7.45585	-5.06892	21.02055	29.31011	1.58772	0.62983	103.96495	112.75811	38.61049	0.34633	 	262773.4209	 	2.65264E-5	 	39891.516	36.8568	 
1150.0	1.0	0.0	7.33312	7.45326	-5.10186	21.00382	29.24526	1.58567	0.63065	104.40868	113.08225	38.78143	0.34612	 	283974.3735	 	2.44601E-5	 	39707.505	36.8022	 
1145.0	1.0	0.0	7.33567	7.45068	-5.13475	20.98712	29.1804	1.58361	0.63147	104.85235	113.40543	38.9524	0.3459	 	307055.7829	 	2.2542E-5	 	39523.766	36.7478	 
1140.0	1.0	0.0	7.33821	7.4481	-5.1676	20.97043	29.11554	1.58154	0.63229	105.29595	113.72765	39.12341	0.34569	 	332199.0451	 	2.07624E-5	 	39340.299	36.6934	 
1135.0	1.0	0.0	7.34074	7.44552	-5.20039	20.95376	29.05068	1.57947	0.63313	105.73949	114.0489	39.29444	0.34548	 	359604.4308	 	1.91122E-5	 	39157.102	36.6394	 
1130.0	1.0	0.0	7.34328	7.44295	-5.23314	20.9371	28.98582	1.57738	0.63396	106.18294	114.36918	39.4655	0.34526	 	389493.1903	 	1.75829E-5	 	38974.174	36.5856	 
1125.0	1.0	0.0	7.34582	7.44039	-5.26583	20.92047	28.92096	1.57528	0.63481	106.62631	114.68849	39.63658	0.34505	 	422109.9083	 	1.61665E-5	 	38791.516	36.5316	 
1120.0	1.0	0.0	7.34835	7.43782	-5.29848	20.90385	28.8561	1.57318	0.63566	107.0696	115.00682	39.80768	0.34484	 	457725.1406	 	1.48552E-5	 	38609.125	36.4782	 
1115.0	1.0	0.0	7.35088	7.43526	-5.33108	20.88725	28.79124	1.57106	0.63651	107.51278	115.32417	39.9788	0.34462	 	496638.3686	 	1.36422E-5	 	38427.002	36.4246	 
1110.0	1.0	0.0	7.35341	7.4327	-5.36363	20.87066	28.72638	1.56894	0.63737	107.95587	115.64055	40.14994	0.34441	 	539181.3113	 	1.25205E-5	 	38245.146	36.3712	 
1105.0	1.0	0.0	7.35593	7.43015	-5.39612	20.85409	28.66152	1.56681	0.63824	108.39884	115.95594	40.32109	0.3442	 	585721.642	 	1.1484E-5	 	38063.555	36.3182	 
1100.0	1.0	0.0	7.35846	7.4276	-5.42858	20.83754	28.59665	1.56466	0.63912	108.8417	116.27035	40.49225	0.34398	 	636667.1613	 	1.05267E-5	 	37882.229	36.2652	 
1095.0	1.0	0.0	7.36098	7.42506	-5.46098	20.82101	28.53179	1.56251	0.64	109.28444	116.58377	40.66342	0.34377	 	692470.4857	 	9.64316E-6	 	37701.167	36.2124	 
1090.0	1.0	0.0	7.3635	7.42252	-5.49333	20.80449	28.46692	1.56035	0.64088	109.72706	116.8962	40.8346	0.34355	 	753634.3209	 	8.82815E-6	 	37520.369	36.1596	 
1085.0	1.0	0.0	7.36602	7.41998	-5.52563	20.78799	28.40205	1.55817	0.64178	110.16954	117.20763	41.00579	0.34334	 	820717.3944	 	8.07683E-6	 	37339.832	36.1074	 
1080.0	1.0	0.0	7.36853	7.41745	-5.55789	20.77151	28.33718	1.55599	0.64268	110.61188	117.51808	41.17697	0.34313	 	894341.1377	 	7.38464E-6	 	37159.558	36.0548	 
1075.0	1.0	0.0	7.37105	7.41492	-5.5901	20.75504	28.27231	1.5538	0.64358	111.05408	117.82753	41.34816	0.34291	 	975197.2162	 	6.74734E-6	 	36979.544	36.0028	 
1070.0	1.0	0.0	7.37356	7.41239	-5.62225	20.73859	28.20744	1.5516	0.6445	111.49613	118.13597	41.51935	0.3427	 	1064056.023	 	6.16094E-6	 	36799.789	35.951	 
1065.0	1.0	0.0	7.37607	7.40987	-5.65436	20.72216	28.14257	1.54938	0.64542	111.93803	118.44342	41.69053	0.34249	 	1161776.266	 	5.62172E-6	 	36620.294	35.899	 
1060.0	1.0	0.0	7.37857	7.40735	-5.68642	20.70575	28.0777	1.54716	0.64635	112.37976	118.74987	41.86171	0.34227	 	1269315.794	 	5.12621E-6	 	36441.057	35.8474	 
1055.0	1.0	0.0	7.38108	7.40484	-5.71844	20.68935	28.01283	1.54493	0.64728	112.82133	119.05531	42.03288	0.34206	 	1387743.846	 	4.67116E-6	 	36262.076	35.7962	 
1050.0	1.0	0.0	7.38358	7.40233	-5.7504	20.67297	27.94795	1.54268	0.64822	113.26272	119.35975	42.20404	0.34185	 	1518254.896	 	4.25355E-6	 	36083.352	35.7448	 
1045.0	1.0	0.0	7.38608	7.39982	-5.78232	20.6566	27.88308	1.54043	0.64917	113.70394	119.66318	42.37519	0.34163	 	1662184.342	 	3.87055E-6	 	35904.883	35.6938	 
1040.0	1.0	0.0	7.38858	7.39732	-5.81419	20.64026	27.8182	1.53817	0.65013	114.14497	119.96559	42.54632	0.34142	 	1821026.279	 	3.51953E-6	 	35726.668	35.643	 
1035.0	1.0	0.0	7.39108	7.39482	-5.84601	20.62393	27.75333	1.53589	0.65109	114.58581	120.267	42.71744	0.34121	 	1996453.661	 	3.19805E-6	 	35548.707	35.5922	 
1030.0	1.0	0.0	7.39357	7.39232	-5.87778	20.60762	27.68845	1.5336	0.65206	115.02646	120.56739	42.88854	0.34099	 	2190341.183	 	2.90382E-6	 	35370.997	35.542	 
1025.0	1.0	0.0	7.39607	7.38983	-5.9095	20.59132	27.62357	1.53131	0.65304	115.4669	120.86677	43.05962	0.34078	 	2404791.282	 	2.63472E-6	 	35193.54	35.4914	 
1020.0	1.0	0.0	7.39856	7.38734	-5.94118	20.57505	27.55869	1.529	0.65402	115.90714	121.16513	43.23068	0.34057	 	2642163.701	 	2.38878E-6	 	35016.332	35.4416	 
1015.0	1.0	0.0	7.40105	7.38486	-5.97281	20.55878	27.49381	1.52668	0.65501	116.34717	121.46247	43.40171	0.34035	 	2905109.128	 	2.16417E-6	 	34839.373	35.3918	 
1010.0	1.0	0.0	7.40353	7.38238	-6.00439	20.54254	27.42893	1.52436	0.65601	116.78698	121.75879	43.57272	0.34014	 	3196607.523	 	1.95918E-6	 	34662.663	35.342	 
1005.0	1.0	0.0	7.40602	7.3799	-6.03592	20.52632	27.36404	1.52202	0.65702	117.22657	122.05409	43.74369	0.33993	 	3520011.801	 	1.77225E-6	 	34486.2	35.2926	 
1000.0	1.0	0.0	7.4085	7.37743	-6.06741	20.51011	27.29916	1.51967	0.65804	117.66594	122.34837	43.91464	0.33971	 	3879097.684	 	1.6019E-6	 	34309.983	35.2434	 
995.0	1.0	0.0	7.41098	7.37496	-6.09885	20.49391	27.23428	1.5173	0.65906	118.10506	122.64162	44.08556	0.3395	 	4278120.632	 	1.44679E-6	 	34134.011	35.1944	 
990.0	1.0	0.0	7.41346	7.37249	-6.13024	20.47774	27.16939	1.51493	0.6601	118.54395	122.93385	44.25644	0.33928	 	4721880.925	 	1.30565E-6	 	33958.283	35.1456	 
985.0	1.0	0.0	7.41594	7.37003	-6.16158	20.46158	27.1045	1.51255	0.66114	118.9826	123.22505	44.42728	0.33907	 	5215798.127	 	1.17733E-6	 	33782.797	35.0972	 
980.0	1.0	0.0	7.41841	7.36758	-6.19288	20.44544	27.03962	1.51015	0.66219	119.421	123.51522	44.59809	0.33886	 	5765996.359	 	1.06076E-6	 	33607.553	35.0488	 
975.0	1.0	0.0	7.42088	7.36512	-6.22413	20.42932	26.97473	1.50774	0.66324	119.85914	123.80436	44.76885	0.33864	 	6379402.058	 	9.54934E-7	 	33432.55	35.0006	 
970.0	1.0	0.0	7.42335	7.36267	-6.25533	20.41321	26.90984	1.50532	0.66431	120.29703	124.09247	44.93957	0.33843	 	7063856.139	 	8.58951E-7	 	33257.785	34.953	 
965.0	1.0	0.0	7.42582	7.36022	-6.28649	20.39712	26.84494	1.50289	0.66538	120.73464	124.37955	45.11025	0.33822	 	7828242.817	 	7.71962E-7	 	33083.259	34.9052	 
960.0	1.0	0.0	7.42829	7.35778	-6.31759	20.38105	26.78005	1.50045	0.66647	121.17199	124.66559	45.28088	0.338	 	8682637.702	 	6.93188E-7	 	32908.969	34.858	 
955.0	1.0	0.0	7.43075	7.35534	-6.34866	20.36499	26.71516	1.498	0.66756	121.60907	124.95059	45.45146	0.33779	 	9638478.22	 	6.21913E-7	 	32734.915	34.8108	 
950.0	1.0	0.0	7.43321	7.3529	-6.37967	20.34895	26.65026	1.49553	0.66866	122.04586	125.23456	45.622	0.33758	 	1.070875992E7	 	5.57477E-7	 	32561.094	34.7642	 
945.0	1.0	0.0	7.43567	7.35047	-6.41064	20.33293	26.58537	1.49305	0.66977	122.48237	125.5175	45.79248	0.33736	 	1.190826285E7	 	4.99274E-7	 	32387.507	34.7174	 
940.0	1.0	0.0	7.43813	7.34804	-6.44156	20.31693	26.52047	1.49057	0.67089	122.91859	125.79939	45.9629	0.33715	 	1.325381277E7	 	4.46746E-7	 	32214.151	34.6712	 
935.0	1.0	0.0	7.44058	7.34562	-6.47243	20.30094	26.45557	1.48806	0.67201	123.35451	126.08025	46.13327	0.33694	 	1.476458313E7	 	3.9938E-7	 	32041.025	34.6252	 
930.0	1.0	0.0	7.44304	7.3432	-6.50326	20.28497	26.39068	1.48555	0.67315	123.79013	126.36006	46.30358	0.33672	 	1.64624441E7	 	3.56707E-7	 	31868.127	34.5796	 
925.0	1.0	0.0	7.44549	7.34078	-6.53404	20.26902	26.32578	1.48302	0.6743	124.22545	126.63883	46.47384	0.33651	 	1.837236698E7	 	3.18297E-7	 	31695.457	34.534	 
920.0	1.0	0.0	7.44794	7.33837	-6.56477	20.25308	26.26088	1.48048	0.67546	124.66045	126.91656	46.64403	0.3363	 	2.052289267E7	 	2.83755E-7	 	31523.012	34.489	 
915.0	1.0	0.0	7.45038	7.33596	-6.59546	20.23717	26.19597	1.47793	0.67662	125.09514	127.19324	46.81415	0.33608	 	2.294667551E7	 	2.52719E-7	 	31350.791	34.4442	 
910.0	1.0	0.0	7.45283	7.33355	-6.6261	20.22127	26.13107	1.47537	0.6778	125.52951	127.46888	46.98421	0.33587	 	2.568111476E7	 	2.2486E-7	 	31178.793	34.3996	 
905.0	1.0	0.0	7.45527	7.33115	-6.6567	20.20538	26.06617	1.47279	0.67898	125.96355	127.74347	47.1542	0.33566	 	2.876908919E7	 	1.99876E-7	 	31007.016	34.3554	 
900.0	1.0	0.0	7.45771	7.32875	-6.68725	20.18951	26.00126	1.4702	0.68018	126.39726	128.01701	47.32413	0.33544	 	3.225981206E7	 	1.77492E-7	 	30835.458	34.3116	 
895.0	1.0	0.0	7.46015	7.32635	-6.71775	20.17366	25.93635	1.4676	0.68138	126.83063	128.2895	47.49398	0.33523	 	3.620982781E7	 	1.57456E-7	 	30664.117	34.2682	 
890.0	1.0	0.0	7.46259	7.32396	-6.7482	20.15783	25.87144	1.46498	0.6826	127.26366	128.56095	47.66375	0.33502	 	4.068417485E7	 	1.39539E-7	 	30492.993	34.2248	 
885.0	1.0	0.0	7.46502	7.32157	-6.77862	20.14201	25.80654	1.46236	0.68383	127.69635	128.83134	47.83345	0.3348	 	4.575774414E7	 	1.23534E-7	 	30322.082	34.1822	 
880.0	1.0	0.0	7.46745	7.31919	-6.80898	20.12622	25.74163	1.45971	0.68507	128.12868	129.10068	48.00308	0.33459	 	5.151686799E7	 	1.0925E-7	 	30151.384	34.1396	 
875.0	1.0	0.0	7.46988	7.31681	-6.8393	20.11043	25.67671	1.45706	0.68631	128.56065	129.36897	48.17262	0.33437	 	5.806118059E7	 	9.6516E-8	 	29980.896	34.0976	 
870.0	1.0	0.0	7.47231	7.31443	-6.86957	20.09467	25.6118	1.45439	0.68757	128.99227	129.6362	48.34209	0.33416	 	6.550579918E7	 	8.51746E-8	 	29810.616	34.056	 
865.0	1.0	0.0	7.47474	7.31205	-6.8998	20.07892	25.54689	1.45171	0.68884	129.42352	129.90238	48.51147	0.33395	 	7.39838844E7	 	7.50843E-8	 	29640.542	34.0148	 
860.0	1.0	0.0	7.47716	7.30968	-6.92998	20.06319	25.48197	1.44901	0.69013	129.85439	130.1675	48.68076	0.33373	 	8.364964929E7	 	6.61165E-8	 	29470.673	33.9738	 
855.0	1.0	0.0	7.47958	7.30732	-6.96012	20.04748	25.41706	1.4463	0.69142	130.2849	130.43157	48.84997	0.33352	 	9.468190011E7	 	5.81549E-8	 	29301.006	33.9334	 
850.0	1.0	0.0	7.482	7.30495	-6.99021	20.03178	25.35214	1.44358	0.69272	130.71502	130.69458	49.01909	0.33331	 	1.07288208E8	 	5.10943E-8	 	29131.538	33.8936	 
845.0	1.0	0.0	7.48442	7.30259	-7.02025	20.0161	25.28722	1.44084	0.69404	131.14475	130.95654	49.18812	0.33309	 	1.217098309E8	 	4.48395E-8	 	28962.268	33.854	 
840.0	1.0	0.0	7.48684	7.30024	-7.05025	20.00044	25.22231	1.43809	0.69537	131.57409	131.21743	49.35705	0.33288	 	1.382275265E8	 	3.93048E-8	 	28793.194	33.8148	 
835.0	1.0	0.0	7.48925	7.29788	-7.08021	19.9848	25.15739	1.43533	0.69671	132.00304	131.47727	49.5259	0.33267	 	1.571684291E8	 	3.44128E-8	 	28624.311	33.7766	 
830.0	1.0	0.0	7.49166	7.29554	-7.11012	19.96917	25.09246	1.43255	0.69806	132.43159	131.73604	49.69464	0.33245	 	1.789141938E8	 	3.00938E-8	 	28455.619	33.7384	 
825.0	1.0	0.0	7.49407	7.29319	-7.13998	19.95356	25.02754	1.42975	0.69942	132.85973	131.99376	49.86329	0.33224	 	2.039106548E8	 	2.6285E-8	 	28287.115	33.7008	 
820.0	1.0	0.0	7.49648	7.29085	-7.1698	19.93797	24.96262	1.42695	0.7008	133.28747	132.25041	50.03184	0.33203	 	2.326792964E8	 	2.29302E-8	 	28118.795	33.664	 
815.0	1.0	0.0	7.49888	7.28851	-7.19957	19.92239	24.8977	1.42412	0.70219	133.71478	132.50601	50.20029	0.33181	 	2.658308946E8	 	1.99788E-8	 	27950.656	33.6278	 
810.0	1.0	0.0	7.50129	7.28618	-7.2293	19.90683	24.83277	1.42128	0.70359	134.14168	132.76054	50.36863	0.3316	 	3.040817618E8	 	1.73854E-8	 	27782.697	33.5918	 
805.0	1.0	0.0	7.50369	7.28384	-7.25899	19.89129	24.76784	1.41843	0.705	134.56816	133.014	50.53687	0.33139	 	3.482731218E8	 	1.51094E-8	 	27614.912	33.557	 
800.0	1.0	0.0	7.50609	7.28152	-7.28862	19.87576	24.70292	1.41557	0.70643	134.99421	133.26641	50.705	0.33117	 	3.993942479E8	 	1.31143E-8	 	27447.301	33.5222	 
795.0	1.0	0.0	7.50848	7.27919	-7.31822	19.86026	24.63799	1.41268	0.70787	135.41982	133.51775	50.87302	0.33096	 	4.586101383E8	 	1.13678E-8	 	27279.858	33.4886	 
790.0	1.0	0.0	7.51088	7.27687	-7.34777	19.84476	24.57306	1.40979	0.70933	135.845	133.76802	51.04094	0.33075	 	5.272946652E8	 	9.84074E-9	 	27112.58	33.4556	 
785.0	1.0	0.0	7.51327	7.27455	-7.37727	19.82929	24.50813	1.40687	0.7108	136.26973	134.01723	51.20874	0.33053	 	6.070703409E8	 	8.50736E-9	 	26945.464	33.4232	 
780.0	1.0	0.0	7.51566	7.27224	-7.40673	19.81383	24.4432	1.40394	0.71228	136.69402	134.26537	51.37642	0.33032	 	6.998560941E8	 	7.3446E-9	 	26778.505	33.3918	 
775.0	1.0	0.0	7.51805	7.26993	-7.43615	19.79839	24.37827	1.401	0.71378	137.11786	134.51245	51.54399	0.33011	 	8.079247566E8	 	6.33198E-9	 	26611.7	33.361	 
770.0	1.0	0.0	7.52044	7.26762	-7.46552	19.78297	24.31334	1.39804	0.71529	137.54124	134.75846	51.71145	0.32989	 	9.339723442E8	 	5.45129E-9	 	26445.044	33.3312	 
765.0	1.0	0.0	7.52282	7.26532	-7.49485	19.76757	24.2484	1.39507	0.71681	137.96416	135.00341	51.87878	0.32968	 	1.081201681E9	 	4.68641E-9	 	26278.532	33.3024	 
760.0	1.0	0.0	7.5252	7.26302	-7.52413	19.75218	24.18347	1.39207	0.71835	138.38662	135.24729	52.04599	0.32946	 	1.253423498E9	 	4.02302E-9	 	26112.16	33.2744	 
755.0	1.0	0.0	7.52758	7.26072	-7.55337	19.73681	24.11853	1.38907	0.71991	138.8086	135.49009	52.21308	0.32925	 	1.455178863E9	 	3.44847E-9	 	25945.922	33.2476	 
750.0	1.0	0.0	7.52996	7.25843	-7.58256	19.72145	24.0536	1.38604	0.72148	139.23011	135.73184	52.38004	0.32904	 	1.69188767E9	 	2.95158E-9	 	25779.813	33.2218	 
745.0	1.0	0.0	7.53234	7.25614	-7.61171	19.70612	23.98866	1.383	0.72306	139.65115	135.97251	52.54688	0.32882	 	1.970029055E9	 	2.52247E-9	 	25613.827	33.1972	 
740.0	1.0	0.0	7.53471	7.25385	-7.64082	19.6908	23.92372	1.37995	0.72467	140.0717	136.21211	52.71359	0.32861	 	2.297360961E9	 	2.15244E-9	 	25447.958	33.1738	 
735.0	1.0	0.0	7.53708	7.25157	-7.66988	19.67549	23.85879	1.37688	0.72628	140.49176	136.45065	52.88017	0.3284	 	2.683187804E9	 	1.83384E-9	 	25282.199	33.1518	 
730.0	1.0	0.0	7.53945	7.24929	-7.6989	19.66021	23.79385	1.37379	0.72792	140.91133	136.68812	53.04662	0.32818	 	3.138687359E9	 	1.55993E-9	 	25116.544	33.131	 
725.0	1.0	0.0	7.54182	7.24702	-7.72788	19.64494	23.72891	1.37068	0.72957	141.33041	136.92451	53.21294	0.32797	 	3.677310654E9	 	1.32481E-9	 	24950.985	33.1118	 
720.0	1.0	0.0	7.54418	7.24475	-7.75681	19.62969	23.66397	1.36756	0.73123	141.74898	137.15984	53.37912	0.32776	 	4.315272063E9	 	1.12329E-9	 	24785.513	33.0944	 
715.0	1.0	0.0	7.54655	7.24248	-7.78569	19.61446	23.59902	1.36442	0.73291	142.16705	137.3941	53.54516	0.32754	 	5.07215104E9	 	9.50862E-10	 	24620.121	33.0784	 
710.0	1.0	0.0	7.54891	7.24021	-7.81454	19.59924	23.53408	1.36126	0.73461	142.58462	137.62728	53.71106	0.32733	 	5.971632265E9	 	8.03551E-10	 	24454.799	33.0644	 
705.0	1.0	0.0	7.55127	7.23795	-7.84334	19.58404	23.46914	1.35808	0.73633	143.00166	137.8594	53.87683	0.32712	 	7.042417762E9	 	6.77907E-10	 	24289.537	33.0524	 
700.0	1.0	0.0	7.55363	7.23569	-7.87209	19.56886	23.40419	1.35489	0.73807	143.41819	138.09044	54.04245	0.3269	 	8.319353054E9	 	5.70922E-10	 	24124.325	33.0424	 
695.0	1.0	0.0	7.55598	7.23344	-7.90081	19.55369	23.33924	1.35168	0.73982	143.8342	138.32042	54.20793	0.32669	 	9.844820278E9	 	4.79978E-10	 	23959.15	33.035	 
690.0	1.0	0.0	7.55833	7.23118	-7.92948	19.53854	23.2743	1.34845	0.74159	144.24968	138.54932	54.37327	0.32648	 	1.1670499999999998E10	 	4.02803E-10	 	23794.0	33.03	 
685.0	1.0	0.0	7.56068	7.22894	-7.9581	19.52341	23.20935	1.3452	0.74338	144.66463	138.77715	54.53845	0.32626	 	1.3859299999999998E10	 	3.37425E-10	 	23628.861	33.0278	 
680.0	1.0	0.0	7.56303	7.22669	-7.98669	19.50829	23.1444	1.34194	0.74519	145.07905	139.00391	54.70349	0.32605	 	1.6488599999999998E10	 	2.8214E-10	 	23463.719	33.0284	 
675.0	1.0	0.0	7.56538	7.22445	-8.01523	19.4932	23.07944	1.33866	0.74702	145.49292	139.2296	54.86838	0.32584	 	1.96527E10	 	2.35473E-10	 	23298.557	33.0324	 
670.0	1.0	0.0	7.56772	7.22221	-8.04372	19.47812	23.01449	1.33536	0.74886	145.90625	139.45421	55.03312	0.32562	 	2.3467799999999996E10	 	1.96153E-10	 	23133.357	33.04	 
665.0	1.0	0.0	7.57007	7.21998	-8.07218	19.46305	22.94954	1.33204	0.75073	146.31904	139.67776	55.1977	0.32541	 	2.8076799999999996E10	 	1.63084E-10	 	22968.1	33.0514	 
660.0	1.0	0.0	7.57241	7.21774	-8.10059	19.44801	22.88458	1.3287	0.75262	146.73127	139.90023	55.36213	0.3252	 	3.3655799999999996E10	 	1.35325E-10	 	22802.763	33.0674	 
655.0	1.0	0.0	7.57474	7.21552	-8.12896	19.43298	22.81962	1.32534	0.75452	147.14295	140.12163	55.5264	0.32498	 	4.04224E10	 	1.12068E-10	 	22637.324	33.0878	 
650.0	1.0	0.0	7.57708	7.21329	-8.15728	19.41797	22.75466	1.32196	0.75645	147.55406	140.34196	55.69051	0.32477	 	4.864629999999999E10	 	9.26209E-11	 	22471.755	33.1138	 
645.0	1.0	0.0	7.57941	7.21107	-8.18557	19.40297	22.6897	1.31857	0.7584	147.96462	140.56122	55.85446	0.32455	 	5.866199999999999E10	 	7.63913E-11	 	22306.029	33.1452	 
640.0	1.0	0.0	7.58175	7.20885	-8.21381	19.38799	22.62473	1.31515	0.76037	148.3746	140.7794	56.01825	0.32434	 	7.08853E10	 	6.28742E-11	 	22140.112	33.1834	 
635.0	1.0	0.0	7.58408	7.20664	-8.242	19.37303	22.55976	1.31172	0.76236	148.78401	140.99652	56.18188	0.32413	 	8.58349E10	 	5.16393E-11	 	21973.969	33.2286	 
630.0	1.0	0.0	7.5864	7.20443	-8.27016	19.35809	22.49479	1.30826	0.76437	149.19284	141.21256	56.34534	0.32391	 	1.04159E11	 	4.23206E-11	 	21807.559	33.282	 
625.0	1.0	0.0	7.58873	7.20222	-8.29827	19.34316	22.42982	1.30479	0.76641	149.60109	141.42752	56.50864	0.3237	 	1.26667E11	 	3.46076E-11	 	21640.838	33.3442	 
620.0	1.0	0.0	7.59105	7.20001	-8.32634	19.32825	22.36484	1.3013	0.76846	150.00876	141.64142	56.67176	0.32349	 	1.54379E11	 	2.82374E-11	 	21472.728	33.622	 
615.0	1.0	0.0	7.59338	7.19781	-8.35437	19.31336	22.29987	1.29778	0.77055	150.41584	141.85424	56.83472	0.32327	 	1.88573E11	 	2.29875E-11	 	21301.001	34.3454	 
610.0	1.0	0.0	7.59569	7.19561	-8.38235	19.29849	22.23488	1.29425	0.77265	150.82232	142.066	56.9975	0.32306	 	2.30866E11	 	1.86707E-11	 	21130.041	34.192	 
605.0	1.0	0.0	7.59801	7.19342	-8.4103	19.28363	22.1699	1.29069	0.77478	151.22821	142.27668	57.16012	0.32285	 	2.83298E11	 	1.5129E-11	 	20959.825	34.0432	 
600.0	1.0	0.0	7.60033	7.19123	-8.4382	19.26879	22.10491	1.28712	0.77693	151.63349	142.48628	57.32255	0.32263	 	3.48456E11	 	1.223E-11	 	20790.332	33.8986	 
595.0	1.0	0.0	7.60264	7.18904	-8.46606	19.25397	22.03992	1.28352	0.77911	152.03817	142.69482	57.48481	0.32242	 	4.29626E11	 	9.8626E-12	 	20621.542	33.758	 
590.0	1.0	0.0	7.60495	7.18686	-8.49388	19.23916	21.97493	1.2799	0.78131	152.44224	142.90229	57.64689	0.32221	 	5.30993E11	 	7.93385E-12	 	20453.434	33.6216	 
585.0	1.0	0.0	7.60726	7.18467	-8.52165	19.22437	21.90993	1.27626	0.78354	152.8457	143.10868	57.8088	0.32199	 	6.57903E11	 	6.36631E-12	 	20285.991	33.4886	 
580.0	1.0	0.0	7.60957	7.1825	-8.54938	19.2096	21.84493	1.2726	0.78579	153.24854	143.314	57.97052	0.32178	 	8.17201E11	 	5.09546E-12	 	20119.194	33.3594	 
575.0	1.0	0.0	7.61187	7.18032	-8.57708	19.19484	21.77993	1.26892	0.78807	153.65076	143.51825	58.13206	0.32157	 	1.01767E12	 	4.06772E-12	 	19953.029	33.233	 
570.0	1.0	0.0	7.61418	7.17815	-8.60473	19.1801	21.71493	1.26521	0.79038	154.05235	143.72143	58.29341	0.32135	 	1.27063E12	 	3.2387E-12	 	19787.478	33.1102	 
565.0	1.0	0.0	7.61648	7.17598	-8.63233	19.16538	21.64992	1.26149	0.79271	154.45331	143.92354	58.45458	0.32114	 	1.59069E12	 	2.57171E-12	 	19622.527	32.9902	 
560.0	1.0	0.0	7.61878	7.17382	-8.6599	19.15068	21.5849	1.25774	0.79508	154.85364	144.12457	58.61556	0.32093	 	1.99675E12	 	2.03651E-12	 	19458.162	32.873	 
555.0	1.0	0.0	7.62107	7.17165	-8.68743	19.13599	21.51989	1.25397	0.79747	155.25333	144.32454	58.77635	0.32071	 	2.51338E12	 	1.60819E-12	 	19294.37	32.7584	 
550.0	1.0	0.0	7.62337	7.1695	-8.71491	19.12132	21.45487	1.25018	0.79989	155.65238	144.52343	58.93694	0.3205	 	3.17254E12	 	1.26636E-12	 	19131.138	32.6464	 
545.0	1.0	0.0	7.62566	7.16734	-8.74235	19.10667	21.38984	1.24636	0.80234	156.05079	144.72126	59.09735	0.32029	 	4.01602E12	 	9.94314E-13	 	18968.455	32.5366	 
540.0	1.0	0.0	7.62795	7.16519	-8.76975	19.09203	21.32482	1.24252	0.80482	156.44855	144.91801	59.25756	0.32007	 	5.09854E12	 	7.78415E-13	 	18806.307	32.4296	 
535.0	1.0	0.0	7.63024	7.16304	-8.79711	19.07741	21.25979	1.23866	0.80733	156.84565	145.1137	59.41758	0.31986	 	6.49204E12	 	6.07572E-13	 	18644.686	32.3242	 
530.0	1.0	0.0	7.63252	7.16089	-8.82443	19.06281	21.19475	1.23477	0.80987	157.2421	145.30831	59.5774	0.31965	 	8.29135E12	 	4.72779E-13	 	18483.58	32.2212	 
525.0	1.0	0.0	7.63481	7.15875	-8.85171	19.04823	21.12972	1.23086	0.81244	157.63788	145.50186	59.73702	0.31943	 	1.06219E13	 	3.66749E-13	 	18322.98	32.12	 
520.0	1.0	0.0	7.63709	7.15661	-8.87895	19.03366	21.06468	1.22693	0.81505	158.03301	145.69434	59.89645	0.31922	 	1.36502E13	 	2.83598E-13	 	18162.876	32.0208	 
515.0	1.0	0.0	7.63937	7.15448	-8.90614	19.01911	20.99964	1.22297	0.81768	158.42746	145.88574	60.05567	0.31901	 	1.75978E13	 	2.18593E-13	 	18003.259	31.9234	 
510.0	1.0	0.0	7.64165	7.15234	-8.9333	19.00458	20.93459	1.21898	0.82035	158.82124	146.07608	60.21468	0.31879	 	2.2761E13	 	1.67935E-13	 	17844.122	31.8274	 
505.0	1.0	0.0	7.64392	7.15021	-8.96041	18.99006	20.86954	1.21498	0.82306	159.21435	146.26535	60.3735	0.31858	 	2.95366E13	 	1.28585E-13	 	17685.456	31.7332	 
500.0	1.0	0.0	7.6462	7.14809	-8.98749	18.97556	20.80449	1.21094	0.8258	159.60678	146.45356	60.5321	0.31836	 	3.84588E13	 	9.81193E-14	 	17527.253	31.6406	 
495.0	1.0	0.0	7.64847	7.14596	-9.01452	18.96108	20.73944	1.20689	0.82858	159.99852	146.64069	60.6905	0.31815	 	5.02488E13	 	7.46117E-14	 	17369.507	31.5492	 
490.0	1.0	0.0	7.65074	7.14384	-9.04151	18.94662	20.67438	1.2028	0.83139	160.38958	146.82676	60.84869	0.31794	 	6.5884E13	 	5.65349E-14	 	17212.21	31.4594	 
485.0	1.0	0.0	7.65301	7.14173	-9.06846	18.93217	20.60932	1.1987	0.83424	160.77994	147.01176	61.00666	0.31772	 	8.66937E13	 	4.26829E-14	 	17055.355	31.371	 
480.0	1.0	0.0	7.65527	7.13961	-9.09537	18.91774	20.54426	1.19456	0.83713	161.16961	147.1957	61.16443	0.31751	 	1.14493E14	 	3.21061E-14	 	16898.936	31.2838	 
475.0	1.0	0.0	7.65754	7.1375	-9.12224	18.90333	20.47919	1.1904	0.84005	161.55859	147.37857	61.32198	0.3173	 	1.51771E14	 	2.40595E-14	 	16742.948	31.1976	 
470.0	1.0	0.0	7.6598	7.1354	-9.14907	18.88893	20.41413	1.18621	0.84302	161.94686	147.56037	61.47932	0.31708	 	2.01952E14	 	1.79604E-14	 	16587.384	31.1128	 
465.0	1.0	0.0	7.66206	7.13329	-9.17586	18.87455	20.34906	1.182	0.84602	162.33443	147.74111	61.63644	0.31687	 	2.6976699999999997E14	 	1.33549E-14	 	16432.239	31.029	 
460.0	1.0	0.0	7.66431	7.13119	-9.20261	18.86019	20.28399	1.17776	0.84907	162.72129	147.92078	61.79334	0.31666	 	3.61782E14	 	9.89082E-15	 	16277.508	30.9462	 
455.0	1.0	0.0	7.66657	7.12909	-9.22932	18.84585	20.21891	1.17349	0.85216	163.10743	148.09939	61.95002	0.31644	 	4.87145E14	 	7.29541E-15	 	16123.185	30.8646	 
450.0	1.0	0.0	7.66882	7.127	-9.25599	18.83152	20.15384	1.1692	0.85529	163.49286	148.27693	62.10648	0.31623	 	6.58654E14	 	5.35868E-15	 	15969.267	30.7836	 
445.0	1.0	0.0	7.67107	7.12491	-9.28262	18.81721	20.08876	1.16488	0.85846	163.87757	148.45342	62.26272	0.31602	 	8.94298E14	 	3.9194E-15	 	15815.747	30.704	 
440.0	1.0	0.0	7.67332	7.12282	-9.30921	18.80291	20.02368	1.16053	0.86168	164.26156	148.62884	62.41873	0.3158	 	1.21947E15	 	2.85428E-15	 	15662.622	30.625	 
435.0	1.0	0.0	7.67557	7.12073	-9.33576	18.78864	19.9586	1.15615	0.86494	164.64482	148.80319	62.57452	0.31559	 	1.67019E15	 	2.06941E-15	 	15509.888	30.5468	 
430.0	1.0	0.0	7.67781	7.11865	-9.36227	18.77438	19.89351	1.15174	0.86825	165.02736	148.97649	62.73008	0.31538	 	2.29775E15	 	1.49359E-15	 	15357.54	30.4696	 
425.0	1.0	0.0	7.68006	7.11657	-9.38874	18.76014	19.82843	1.1473	0.87161	165.40916	149.14872	62.88542	0.31516	 	3.1756E15	 	1.07302E-15	 	15205.576	30.3928	 
420.0	1.0	0.0	7.6823	7.1145	-9.41517	18.74591	19.76334	1.14284	0.87501	165.79022	149.3199	63.04052	0.31495	 	4.4094E15	 	7.67246E-16	 	15053.99	30.3172	 
415.0	1.0	0.0	7.68454	7.11242	-9.44156	18.7317	19.69825	1.13834	0.87847	166.17054	149.49001	63.19539	0.31474	 	6.15184E15	 	5.45965E-16	 	14902.779	30.2422	 
410.0	1.0	0.0	7.68677	7.11036	-9.46791	18.71751	19.63316	1.13382	0.88198	166.55012	149.65907	63.35003	0.31452	 	8.62481E15	 	3.86592E-16	 	14751.94	30.1678	 
405.0	1.0	0.0	7.68901	7.10829	-9.49423	18.70334	19.56806	1.12926	0.88553	166.92895	149.82707	63.50444	0.31431	 	1.21523E16	 	2.72366E-16	 	14601.471	30.0938	 
400.0	1.0	0.0	7.69124	7.10623	-9.5205	18.68918	19.50297	1.12468	0.88914	167.30704	149.99401	63.65861	0.3141	 	1.7210100000000002E16	 	1.90904E-16	 	14451.366	30.021	 
395.0	1.0	0.0	7.69347	7.10416	-9.54673	18.67504	19.43787	1.12006	0.89281	167.68437	150.15989	63.81255	0.31388	 	2.45002E16	 	1.33104E-16	 	14301.625	29.9482	 
390.0	1.0	0.0	7.6957	7.10211	-9.57293	18.66092	19.37277	1.11542	0.89652	168.06094	150.32472	63.96624	0.31367	 	3.5064900000000004E16	 	9.23053E-17	 	14152.243	29.8764	 
385.0	1.0	0.0	7.69793	7.10005	-9.59908	18.64681	19.30766	1.11074	0.9003	168.43676	150.48849	64.1197	0.31346	 	5.04593E16	 	6.36606E-17	 	14003.218	29.805	 
380.0	1.0	0.0	7.70015	7.098	-9.6252	18.63273	19.24256	1.10603	0.90413	168.81181	150.65121	64.27292	0.31324	 	7.30182E16	 	4.36585E-17	 	13854.547	29.7342	 
375.0	1.0	0.0	7.70237	7.09595	-9.65127	18.61866	19.17745	1.10129	0.90802	169.1861	150.81288	64.4259	0.31303	 	1.06267E17	 	2.97689E-17	 	13706.228	29.6638	 
370.0	1.0	0.0	7.70459	7.09391	-9.67731	18.6046	19.11234	1.09652	0.91198	169.55962	150.97349	64.57863	0.31282	 	1.55561E17	 	2.01789E-17	 	13558.258	29.594	 
365.0	1.0	0.0	7.70681	7.09187	-9.70331	18.59056	19.04723	1.09171	0.91599	169.93237	151.13305	64.73112	0.3126	 	2.29087E17	 	1.35959E-17	 	13410.635	29.5246	 
360.0	1.0	0.0	7.70903	7.08983	-9.72927	18.57654	18.98212	1.08688	0.92007	170.30434	151.29156	64.88336	0.31239	 	3.39433E17	 	9.10415E-18	 	13263.357	29.4556	 
355.0	1.0	0.0	7.71124	7.08779	-9.75519	18.56254	18.917	1.082	0.92421	170.67554	151.44903	65.03536	0.31217	 	5.0609E17	 	6.0579E-18	 	13116.421	29.3872	 
350.0	1.0	0.0	7.71346	7.08576	-9.78107	18.54856	18.85189	1.0771	0.92842	171.04596	151.60544	65.18711	0.31196	 	7.59428E17	 	4.00491E-18	 	12969.826	29.319	 
345.0	1.0	0.0	7.71567	7.08373	-9.80692	18.53459	18.78677	1.07216	0.9327	171.41559	151.76081	65.33861	0.31175	 	1.14709E18	 	2.63016E-18	 	12823.569	29.2514	 
340.0	1.0	0.0	7.71787	7.0817	-9.83272	18.52064	18.72164	1.06719	0.93704	171.78444	151.91513	65.48986	0.31153	 	1.74434E18	 	1.71562E-18	 	12677.65	29.1838	 
335.0	1.0	0.0	7.72008	7.07968	-9.85849	18.5067	18.65652	1.06218	0.94146	172.1525	152.0684	65.64086	0.31132	 	2.67091E18	 	1.11132E-18	 	12532.065	29.117	 
330.0	1.0	0.0	7.72228	7.07766	-9.88422	18.49279	18.59139	1.05714	0.94595	172.51978	152.22064	65.79161	0.31111	 	4.11866E18	 	7.14752E-19	 	12386.813	29.0504	 
325.0	1.0	0.0	7.72449	7.07564	-9.90991	18.47889	18.52626	1.05206	0.95052	172.88625	152.37183	65.9421	0.31089	 	6.39733E18	 	4.5635E-19	 	12241.893	28.984	 
320.0	1.0	0.0	7.72669	7.07363	-9.93556	18.465	18.46112	1.04695	0.95516	173.25194	152.52198	66.09234	0.31068	 	1.00107E19	 	2.89191E-19	 	12097.303	28.918	 
315.0	1.0	0.0	7.72888	7.07161	-9.96117	18.45114	18.39599	1.0418	0.95988	173.61682	152.67109	66.24232	0.31047	 	1.57849E19	 	1.81858E-19	 	11953.041	28.8524	 
310.0	1.0	0.0	7.73108	7.06961	-9.98675	18.43729	18.33085	1.03661	0.96468	173.98091	152.81917	66.39205	0.31025	 	2.50847E19	 	1.13464E-19	 	11809.107	28.7868	 
305.0	1.0	0.0	7.73327	7.0676	-10.01229	18.42346	18.26571	1.03139	0.96957	174.3442	152.9662	66.54152	0.31004	 	4.01844E19	 	7.02215E-20	 	11665.499	28.7216	 
300.0	1.0	0.0	7.73547	7.0656	-10.03779	18.40964	18.20056	1.02613	0.97454	174.70668	153.11221	66.69074	0.30983	 	6.49048E19	 	4.31001E-20	 	11522.215	28.6568	 
295.0	1.0	0.0	7.73766	7.0636	-10.06325	18.39584	18.13541	1.02083	0.9796	175.06835	153.25718	66.83969	0.30961	 	1.0572099999999998E20	 	2.62294E-20	 	11379.255	28.592	 
290.0	1.0	0.0	7.73984	7.0616	-10.08867	18.38206	18.07026	1.01549	0.98474	175.42922	153.40112	66.98838	0.3094	 	1.73704E20	 	1.58234E-20	 	11236.618	28.5274	 
285.0	1.0	0.0	7.74203	7.05961	-10.11406	18.3683	18.00511	1.01012	0.98998	175.78928	153.54403	67.13681	0.30919	 	2.8795399999999997E20	 	9.46051E-21	 	11094.302	28.4632	 
280.0	1.0	0.0	7.74421	7.05762	-10.1394	18.35455	17.93995	1.00471	0.99532	176.14852	153.68592	67.28499	0.30897	 	4.8173199999999993E20	 	5.60434E-21	 	10952.307	28.399	 
275.0	1.0	0.0	7.7464	7.05563	-10.16471	18.34083	17.87479	0.99925	1.00075	176.50696	153.82678	67.43289	0.30876	 	8.135139999999999E20	 	3.28868E-21	 	10810.632	28.335	 
270.0	1.0	0.0	7.74858	7.05364	-10.18999	18.32711	17.80963	0.99376	1.00628	176.86458	153.96662	67.58054	0.30855	 	1.38712E21	 	1.91114E-21	 	10669.276	28.2712	 
265.0	1.0	0.0	7.75075	7.05166	-10.21522	18.31342	17.74446	0.98823	1.01191	177.22138	154.10544	67.72792	0.30833	 	2.3887600000000003E21	 	1.09956E-21	 	10528.238	28.2076	 
260.0	1.0	0.0	7.75293	7.04968	-10.24042	18.29974	17.67929	0.98266	1.01765	177.57737	154.24324	67.87504	0.30812	 	4.15583E21	 	6.2615E-22	 	10387.518	28.144	 
255.0	1.0	0.0	7.7551	7.04771	-10.26558	18.28608	17.61412	0.97704	1.0235	177.93254	154.38002	68.02189	0.30791	 	7.30629E21	 	3.52815E-22	 	10247.116	28.0804	 
250.0	1.0	0.0	7.75727	7.04573	-10.2907	18.27244	17.54894	0.97139	1.02945	178.28689	154.5158	68.16848	0.30769	 	1.29844E22	 	1.96649E-22	 	10107.031	28.017	 
245.0	1.0	0.0	7.75944	7.04376	-10.31579	18.25881	17.48376	0.96569	1.03553	178.64042	154.65056	68.31481	0.30748	 	2.33327E22	 	1.08387E-22	 	9967.262	27.9538	 
240.0	1.0	0.0	7.76161	7.0418	-10.34084	18.2452	17.41858	0.95995	1.04172	178.99313	154.78432	68.46086	0.30727	 	4.24102E22	 	5.90556E-23	 	9827.81	27.8904	 
235.0	1.0	0.0	7.76378	7.03983	-10.36585	18.23161	17.35339	0.95417	1.04803	179.34502	154.91707	68.60666	0.30705	 	7.79978E22	 	3.17977E-23	 	9688.674	27.8272	 
230.0	1.0	0.0	7.76594	7.03787	-10.39082	18.21803	17.2882	0.94834	1.05447	179.69609	155.04882	68.75218	0.30684	 	1.45196E23	 	1.69134E-23	 	9549.854	27.764	 
225.0	1.0	0.0	7.7681	7.03591	-10.41576	18.20448	17.223	0.94247	1.06104	180.04634	155.17958	68.89744	0.30663	 	2.7368099999999997E23	 	8.88388E-24	 	9411.351	27.7006	 
220.0	1.0	0.0	7.77026	7.03396	-10.44066	18.19094	17.15781	0.93656	1.06774	180.39577	155.30934	69.04243	0.30641	 	5.2253699999999995E23	 	4.60626E-24	 	9273.164	27.6374	 
215.0	1.0	0.0	7.77242	7.032	-10.46552	18.17741	17.0926	0.9306	1.07458	180.74439	155.4381	69.18716	0.3062	 	1.01098E24	 	2.35666E-24	 	9135.294	27.574	 
210.0	1.0	0.0	7.77458	7.03005	-10.49035	18.16391	17.0274	0.92459	1.08155	181.09218	155.56589	69.33162	0.30599	 	1.98291E24	 	1.18923E-24	 	8997.741	27.5106	 
205.0	1.0	0.0	7.77673	7.02811	-10.51514	18.15042	16.96219	0.91854	1.08868	181.43915	155.69269	69.47581	0.30577	 	3.94441E24	 	5.91656E-25	 	8860.505	27.4472	 
200.0	1.0	0.0	7.77888	7.02616	-10.53989	18.13694	16.89697	0.91245	1.09595	181.78531	155.81851	69.61974	0.30556	 	7.96111E24	 	2.90076E-25	 	8723.588	27.3834	 
195.0	1.0	0.0	7.78103	7.02422	-10.56461	18.12349	16.83176	0.9063	1.10338	182.13065	155.94336	69.7634	0.30535	 	1.6311E25	 	1.40085E-25	 	8586.989	27.3198	 
190.0	1.0	0.0	7.78318	7.02228	-10.58929	18.11005	16.76654	0.90011	1.11097	182.47517	156.06724	69.90679	0.30513	 	3.39401E25	 	6.66033E-26	 	8450.71	27.2558	 
185.0	1.0	0.0	7.78533	7.02035	-10.61393	18.09663	16.70131	0.89387	1.11873	182.81888	156.19015	70.04993	0.30492	 	7.1761600000000005E25	 	3.11604E-26	 	8314.752	27.1916	 
180.0	1.0	0.0	7.78747	7.01841	-10.63854	18.08322	16.63608	0.88758	1.12666	183.16179	156.31211	70.1928	0.30471	 	1.5425800000000001E26	 	1.43378E-26	 	8179.115	27.1274	 
175.0	1.0	0.0	7.78961	7.01649	-10.66311	18.06984	16.57085	0.88124	1.13476	183.50389	156.43311	70.3354	0.30449	 	3.37302E26	 	6.48472E-27	 	8043.801	27.0628	 
170.0	1.0	0.0	7.79175	7.01456	-10.68764	18.05647	16.50561	0.87486	1.14304	183.84518	156.55316	70.47775	0.30428	 	7.506860000000001E26	 	2.88124E-27	 	7908.811	26.998	 
165.0	1.0	0.0	7.79389	7.01263	-10.71214	18.04312	16.44037	0.86842	1.15152	184.18567	156.67227	70.61983	0.30406	 	1.7014799999999998E27	 	1.25685E-27	 	7774.147	26.9328	 
160.0	1.0	0.0	7.79603	7.01071	-10.7366	18.02978	16.37512	0.86193	1.16019	184.52537	156.79045	70.76166	0.30385	 	3.93007E27	 	5.37928E-28	 	7639.81	26.8674	 
155.0	1.0	0.0	7.79816	7.00879	-10.76103	18.01646	16.30987	0.85539	1.16906	184.86427	156.90769	70.90322	0.30364	 	9.25691E27	 	2.25744E-28	 	7505.802	26.8016	 
150.0	1.0	0.0	7.80029	7.00688	-10.78542	18.00316	16.24462	0.84879	1.17814	185.20238	157.02402	71.04453	0.30342	 	2.2249700000000003E28	 	9.28232E-29	 	7372.126	26.7352	 
145.0	1.0	0.0	7.80242	7.00497	-10.80978	17.98988	16.17936	0.84215	1.18744	185.53972	157.13943	71.18559	0.30321	 	5.461240000000001E28	 	3.73704E-29	 	7238.783	26.6686	 
140.0	1.0	0.0	7.80455	7.00306	-10.83409	17.97661	16.1141	0.83545	1.19696	185.87627	157.25393	71.3264	0.303	 	1.3699300000000001E29	 	1.47196E-29	 	7105.775	26.6016	 
135.0	1.0	0.0	7.80668	7.00115	-10.85838	17.96336	16.04883	0.82869	1.20672	186.21206	157.36753	71.46695	0.30278	 	3.5147000000000005E29	 	5.66784E-30	 	6973.106	26.5338	 
130.0	1.0	0.0	7.8088	6.99924	-10.88262	17.95013	15.98356	0.82188	1.21672	186.54708	157.48025	71.60726	0.30257	 	9.230610000000001E29	 	2.13169E-30	 	6840.779	26.4654	 
125.0	1.0	0.0	7.81092	6.99734	-10.90684	17.93691	15.91828	0.81502	1.22696	186.88134	157.59208	71.74733	0.30236	 	2.48373E30	 	7.82401E-31	 	6708.795	26.3968	 
120.0	1.0	0.0	7.81304	6.99544	-10.93101	17.92371	15.853	0.8081	1.23747	187.21486	157.70304	71.88715	0.30214	 	6.8535E30	 	2.79984E-31	 	6577.159	26.3272	 
115.0	1.0	0.0	7.81516	6.99355	-10.95515	17.91053	15.78771	0.80112	1.24825	187.54763	157.81314	72.02673	0.30193	 	1.9412299999999999E31	 	9.75908E-32	 	6445.873	26.2572	 
110.0	1.0	0.0	7.81728	6.99166	-10.97926	17.89736	15.72242	0.79409	1.25931	187.87968	157.92239	72.16608	0.30172	 	5.649929999999999E31	 	3.30988E-32	 	6314.943	26.186	 
105.0	1.0	0.0	7.81939	6.98976	-11.00333	17.88422	15.65712	0.78699	1.27066	188.21101	158.03081	72.3052	0.3015	 	1.6915299999999998E32	 	1.09112E-32	 	6184.371	26.1144	 
100.0	1.0	0.0	7.8215	6.98788	-11.02736	17.87109	15.59182	0.77984	1.28232	188.54163	158.13839	72.4441	0.30129	 	5.21528E32	 	3.49215E-33	 	6054.163	26.0416	 
95.0	1.0	0.0	7.82361	6.98599	-11.05136	17.85797	15.52652	0.77262	1.29429	188.87155	158.24517	72.58277	0.30108	 	1.6579E33	 	1.08381E-33	 	5924.323	25.968	 
90.0	1.0	0.0	7.82572	6.98411	-11.07532	17.84488	15.46121	0.76535	1.30659	189.20079	158.35114	72.72122	0.30086	 	5.4409E33	 	3.25763E-34	 	5794.855	25.8936	 
85.0	1.0	0.0	7.82783	6.98223	-11.09925	17.8318	15.39589	0.75801	1.31924	189.52937	158.45633	72.85947	0.30065	 	1.84584E34	 	9.47018E-35	 	5665.767	25.8176	 
80.0	1.0	0.0	7.82993	6.98035	-11.12315	17.81874	15.33057	0.75062	1.33224	189.85729	158.56075	72.9975	0.30044	 	6.482440000000001E34	 	2.65893E-35	 	5537.062	25.741	 
75.0	1.0	0.0	7.83203	6.97848	-11.147	17.80569	15.26525	0.74316	1.34561	190.18457	158.66442	73.13534	0.30022	 	2.36023E35	 	7.19945E-36	 	5408.748	25.6628	 
70.0	1.0	0.0	7.83413	6.97661	-11.17083	17.79266	15.19992	0.73563	1.35938	190.51124	158.76735	73.27299	0.30001	 	8.92327E35	 	1.87692E-36	 	5280.831	25.5834	 
65.0	1.0	0.0	7.83623	6.97474	-11.19462	17.77965	15.13458	0.72804	1.37355	190.83731	158.86956	73.41045	0.2998	 	3.50893E36	 	4.70351E-37	 	5153.319	25.5024	 
60.0	1.0	0.0	7.83833	6.97288	-11.21837	17.76666	15.06924	0.72039	1.38814	191.1628	158.97108	73.54773	0.29958	 	1.43772E37	 	1.13097E-37	 	5026.219	25.42	 
55.0	1.0	0.0	7.84042	6.97101	-11.24209	17.75368	15.00389	0.71267	1.40318	191.48774	159.07192	73.68485	0.29937	 	6.14949E37	 	2.60447E-38	 	4899.539	25.336	 
50.0	1.0	0.0	7.84252	6.96915	-11.26578	17.74072	14.93854	0.70488	1.41869	191.81214	159.1721	73.8218	0.29916	 	2.75129E38	 	5.73264E-39	 	4773.288	25.2502	 
45.0	1.0	0.0	7.84461	6.96729	-11.28943	17.72778	14.87319	0.69702	1.43468	192.13605	159.27166	73.95861	0.29894	 	1.2902800000000001E39	 	1.20347E-39	 	4647.477	25.1622	 
40.0	1.0	0.0	7.8467	6.96544	-11.31304	17.71486	14.80782	0.68909	1.45118	192.45947	159.37061	74.09528	0.29873	 	6.35721E39	 	2.40421E-40	 	4522.114	25.0726	 
35.0	1.0	0.0	7.84878	6.96359	-11.33663	17.70195	14.74245	0.6811	1.46822	192.78246	159.46899	74.23182	0.29852	 	3.29855E40	 	4.55959E-41	 	4397.211	24.9806	 
30.0	1.0	0.0	7.85087	6.96174	-11.36017	17.68906	14.67708	0.67303	1.48581	193.10503	159.56682	74.36825	0.2983	 	1.8070400000000003E41	 	8.18797E-42	 	4272.78	24.8862	 
25.0	1.0	0.0	7.85295	6.95989	-11.38369	 	14.6117	0.66489	1.504	193.42723	159.66413	74.50458	0.29809	 	1.04806E42	 	1.38847E-42	 	4148.833	 	 
