T (C)	Fraction solid (wt)-TOTAL	Fraction liquid (wt)-LIQUID	Density (g/(cm)^3)-TOTAL	Molar volume (cm^3)-TOTAL	Volume change (%)-  	Average expansion coeff. (10e-6 1/K)-  	Thermal conductivity (W/(m*K))-TOTAL	Electrical resistivity (10e-6 Ohm*m)-TOTAL	Electrical conductivity (10e6 1/(Ohm*m))-TOTAL	Young's modulus (GPa)-TOTAL	Bulk modulus (GPa)-TOTAL	Shear modulus(GPa)-TOTAL	Poisson's ratio-TOTAL	Liquid viscosity (mPa s)-  	Total viscosity (mPa s)-  	Liquid diffusivity (10e-9 (m^2)/s)-  	Total diffusivity (10e-9 (m^2)/s)-  	Surface Tension (mN/m)-  	Enthalpy (J/mole)-TOTAL	Specific heat (J/(mole K))-TOTAL	Latent heat (J/mole)-TOTAL
1400.0	0.0	1.0	7.10553	7.96479	0.0	35.58325	31.4533	1.30327	0.7673	0.0	121.12956	0.0	0.5	6.37239	6.37239	1.2815	1.2815	1728.42642	39898.647	 	0.0
1395.0	0.0	1.0	7.10969	7.96013	-0.0585618	35.54972	31.36849	1.30289	0.76752	0.0	121.26579	0.0	0.5	6.44012	6.44012	1.26424	1.26424	1730.53321	39700.109	39.7076	0.0
1390.0	0.0	1.0	7.11385	7.95547	-0.11696	35.5164	31.28368	1.30251	0.76775	0.0	121.40201	0.0	0.5	6.50898	6.50898	1.24711	1.24711	1732.64333	39502.005	39.6208	0.0
1385.0	0.0	1.0	7.118	7.95084	-0.17519	35.4833	31.19887	1.30212	0.76798	0.0	121.53824	0.0	0.5	6.579	6.579	1.23013	1.23013	1734.75649	39304.331	39.5348	0.0
1380.0	0.0	1.0	7.12214	7.94621	-0.23326	35.45042	31.11405	1.30173	0.76821	0.0	121.67446	0.0	0.5	6.65021	6.65021	1.21329	1.21329	1736.87245	39107.084	39.4494	0.0
1375.0	0.0	1.0	7.12628	7.9416	-0.29116	35.41777	31.02924	1.30134	0.76844	0.0	121.81069	0.0	0.5	6.72262	6.72262	1.19659	1.19659	1738.99097	38910.261	39.3646	0.0
1370.0	0.0	1.0	7.13041	7.937	-0.3489	35.38534	30.94443	1.30095	0.76867	0.0	121.94691	0.0	0.5	6.79628	6.79628	1.18003	1.18003	1741.11181	38713.861	39.28	0.0
1365.0	0.0	1.0	7.13453	7.93242	-0.40647	35.35313	30.85962	1.30056	0.7689	0.0	122.08314	0.0	0.5	6.87119	6.87119	1.16361	1.16361	1743.23471	38517.879	39.1964	0.0
1360.0	0.0	1.0	7.13864	7.92784	-0.46388	35.32116	30.77481	1.30016	0.76914	0.0	122.21936	0.0	0.5	6.9474	6.9474	1.14734	1.14734	1745.35944	38322.313	39.1132	0.0
1355.0	0.0	1.0	7.14275	7.92328	-0.52112	35.28943	30.68999	1.29976	0.76937	0.0	122.35559	0.0	0.5	7.02493	7.02493	1.1312	1.1312	1747.48577	38127.16	39.0306	0.0
1350.0	0.0	1.0	7.14685	7.91874	-0.5782	35.25793	30.60518	1.29936	0.76961	0.0	122.49181	0.0	0.5	7.10381	7.10381	1.1152	1.1152	1749.61343	37932.417	38.9486	0.0
1345.0	0.0	1.0	7.15095	7.91421	-0.63511	35.22667	30.52037	1.29896	0.76985	0.0	122.62804	0.0	0.5	7.18407	7.18407	1.09935	1.09935	1751.74221	37738.082	38.867	0.0
1340.0	0.0	1.0	7.15503	7.90969	-0.69186	35.19565	30.43556	1.29855	0.77009	0.0	122.76426	0.0	0.5	7.26574	7.26574	1.08363	1.08363	1753.87186	37544.153	38.7858	0.0
1338.3	0.0	1.0	7.15642	7.90815	-0.71109	35.18517	30.40675	1.29841	0.77017	0.0	122.81053	0.0	0.5	7.29381	7.29381	1.07833	1.07833	1754.59533	37478.382	38.73029	0.0
1336.48	0.0460201	0.95398	7.17333	7.88952	-0.94498	34.55232	30.5232	1.292	0.77399	3.94423E-4	123.40607	1.31962E-4	0.49446	7.3299	7.86026	1.0718	0.99948	1753.15163	36780.595	 	627.289
1335.0	0.11875	0.88125	7.19992	7.86042	-1.31045	33.52491	30.70775	1.28305	0.77939	0.0170501	124.47193	0.00573867	0.48555	7.37917	11.46767	1.06367	0.68444	1753.62114	35692.50186	540.8775	1657.705
1330.0	0.32235	0.67765	7.27528	7.77903	-2.33228	30.66023	31.24033	1.25726	0.79538	0.96998	127.51706	0.33214	0.46018	7.54593	170.56891	1.03693	0.0458734	1755.2231	32642.11917	610.07654	4513.122
1325.0	0.46223	0.53777	7.3284	7.72262	-3.04055	28.69549	31.61081	1.23865	0.80733	4.27686	129.73383	1.48259	0.44236	7.71327	718.71166	1.01127	0.010853	1756.84085	30515.69575	425.28468	6445.013
1320.0	0.5628	0.4372	7.36744	7.68157	-3.55594	27.28497	31.87354	1.2246	0.8166	9.69808	131.43489	3.39253	0.42933	7.88157	1643.42598	0.98658	0.00473144	1758.47091	28956.99111	311.74093	7809.617
1315.0	0.63776	0.36224	7.39722	7.65049	-3.9461	26.23458	32.06213	1.21357	0.82401	16.37494	132.79952	5.76798	0.41947	8.05152	2842.21635	0.96272	0.00272723	1760.11011	27764.95276	238.40767	8807.985
1310.0	0.69526	0.30474	7.42059	7.62616	-4.25164	25.42775	32.19601	1.20472	0.83007	23.56353	133.9335	8.34521	0.4118	8.22348	4224.439	0.93962	0.00182911	1761.75779	26819.77523	189.03551	9559.918
1305.0	0.74043	0.25957	7.43941	7.60656	-4.49771	24.79219	32.28902	1.19746	0.8351	30.77315	134.90485	10.94592	0.40569	8.398	5729.88947	0.91719	0.00134428	1763.41359	26046.71898	154.61125	10140.153
1300.0	0.77663	0.22337	7.45492	7.59042	-4.70037	24.28182	32.35087	1.19138	0.83936	37.72134	135.75823	13.46489	0.40073	8.57556	7323.63446	0.89535	0.00104841	1765.07459	25397.30457	129.88288	10597.168
1295.0	0.80613	0.19387	7.46794	7.57685	-4.87072	23.86466	32.38854	1.18621	0.84302	44.26804	136.52328	15.84818	0.39663	8.75657	8988.56967	0.87406	8.51498E-4	1766.73903	24839.01048	111.65882	10963.479
1290.0	0.83605	0.16395	7.4809	7.56321	-5.04192	23.44167	32.42111	1.18124	0.84657	51.76183	137.32111	18.58687	0.39243	8.94931	10996.60397	0.85251	6.93791E-4	1768.26829	24267.26023	114.35005	11343.66
1285.0	0.86653	0.13347	7.49382	7.5495	-5.21414	23.01221	32.45152	1.17636	0.85008	60.3527	138.14663	21.73898	0.38812	9.15466	13416.82741	0.83072	5.66821E-4	1769.63245	23684.59333	116.53338	11735.169
1280.0	0.88991	0.11009	7.50416	7.53839	-5.35353	22.67933	32.45804	1.17235	0.85299	67.728	138.86379	24.45491	0.38475	9.36242	15805.52393	0.80968	4.79613E-4	1770.99552	23200.12628	96.89341	12028.888
1275.0	0.90834	0.0916643	7.5127	7.52911	-5.47006	22.41368	32.44719	1.16897	0.85546	74.07692	139.50509	26.79974	0.38205	9.57339	18189.85772	0.78929	4.15404E-4	1772.35577	22783.50659	83.32394	12255.164
1270.0	0.92315	0.0768474	7.51993	7.52114	-5.5701	22.19654	32.42341	1.16605	0.8576	79.578	140.09113	28.83642	0.37982	9.78773	20598.41017	0.76951	3.65646E-4	1773.70961	22415.48279	73.60476	12433.248
1265.0	0.93529	0.0647143	7.5262	7.51415	-5.65793	22.01528	32.38972	1.16348	0.85949	84.37813	140.63608	30.6173	0.37795	10.00619	23057.08527	0.75027	3.25597E-4	1775.05785	22083.31236	66.43409	12575.881
1260.0	0.94537	0.0546335	7.53172	7.5079	-5.73634	21.86171	32.34823	1.16118	0.86119	88.59733	141.14912	32.18552	0.37635	10.22892	25589.69772	0.73155	2.92419E-4	1776.39565	21778.25284	61.0119	12691.798
1255.0	0.95385	0.0461507	7.53666	7.50224	-5.80744	21.72962	32.30056	1.1591	0.86274	92.3341	141.63713	33.57667	0.37497	10.45644	28219.04585	0.71329	2.64308E-4	1777.72121	21494.14873	56.82082	12787.155
1250.0	0.96106	0.0389362	7.54115	7.49703	-5.87287	21.61415	32.24786	1.1572	0.86416	95.66819	142.10481	34.81974	0.37376	10.689	30966.57053	0.69549	2.40069E-4	1779.03798	21226.52555	53.52464	12866.423
1245.0	0.96726	0.0327415	7.54528	7.49219	-5.93364	21.5123	32.19104	1.15544	0.86547	98.6627	142.55584	35.93772	0.37269	10.92703	33853.02983	0.67811	2.18879E-4	1780.34298	20972.0788	50.88935	12932.904
1240.0	0.97262	0.0273777	7.54911	7.48765	-5.99062	21.42158	32.13079	1.15379	0.86671	101.37018	142.99295	36.94981	0.37173	11.17048	36899.3413	0.66115	2.00147E-4	1781.63153	20728.31502	48.75276	12989.088
1235.0	0.9773	0.0226992	7.55268	7.48336	-6.04452	21.3398	32.0677	1.15224	0.86787	103.83328	143.41829	37.87162	0.37086	11.42017	40126.64715	0.64455	1.83442E-4	1782.90725	20493.32471	46.99806	13036.883
1230.0	0.98141	0.0185919	7.55606	7.47927	-6.09577	21.26577	32.00215	1.15077	0.86898	106.08625	143.8334	38.71574	0.37007	11.67587	43555.98711	0.62835	1.68438E-4	1784.165	20265.6194	45.54106	13077.775
1225.0	0.98504	0.0149649	7.55926	7.47536	-6.14488	21.19796	31.93454	1.14937	0.87004	108.15919	144.23961	39.49325	0.36934	11.9382	47210.25142	0.6125	1.54884E-4	1785.4106	20044.02662	44.31856	13112.933
1220.0	0.98826	0.0117443	7.56231	7.4716	-6.19212	21.13552	31.86516	1.14803	0.87106	110.07543	144.63798	40.21271	0.36866	12.20734	51112.8914	0.59699	1.4258E-4	1786.63546	19827.61089	43.28315	13143.29
1215.0	0.99113	0.00887215	7.56524	7.46796	-6.2378	21.0776	31.79366	1.14676	0.87202	111.85501	145.02928	40.88154	0.36804	12.48372	55288.68595	0.58182	1.3137E-4	1787.84925	19615.61094	42.39999	13169.597
1210.0	0.9937	0.00629792	7.56807	7.46443	-6.2822	21.02331	31.72056	1.14554	0.87295	113.51635	145.41447	41.50653	0.36745	12.76731	59764.87885	0.56699	1.21123E-4	1789.0403	19406.96493	41.7292	13192.465
1205.0	0.99602	0.0039829	7.57114	7.46072	-6.32878	20.96149	31.61289	1.14557	0.87293	115.17117	145.81413	42.13154	0.3668	13.05872	64679.25498	0.55246	1.11542E-4	1790.21357	19183.47391	44.6982	13212.397
1200.0	0.99811	0.00189368	7.57604	7.45496	-6.40104	20.81562	31.2894	1.1535	0.86693	117.40934	146.33935	42.99021	0.36554	13.35813	70820.01377	0.53825	1.01526E-4	1791.36917	18837.50175	69.19443	13229.808
1195.0	1.0	0.0	7.58019	7.44893	-6.47673	20.65726	30.98139	1.16101	0.86132	119.52954	146.84006	43.80517	0.36433	 	77535.53988	 	9.24179E-5	 	18498.48201	67.80395	13245.04
1190.0	1.0	0.0	7.58531	7.44391	-6.53981	20.53896	30.67253	1.16871	0.85565	120.71102	147.27149	44.26865	0.36339	 	84144.24195	 	8.48694E-5	 	18182.28756	63.23889	 
1185.0	1.0	0.0	7.59034	7.43897	-6.60178	20.42325	30.37477	1.17613	0.85025	121.85527	147.68344	44.71814	0.36248	 	91377.28443	 	7.78844E-5	 	17876.35563	61.18639	 
1180.0	1.0	0.0	7.59529	7.43412	-6.6627	20.31006	30.08759	1.18328	0.84511	122.96434	148.07776	45.15437	0.3616	 	99298.91127	 	7.14254E-5	 	17574.61291	60.34854	 
1175.0	1.0	0.0	7.60017	7.42935	-6.72258	20.19931	29.81051	1.19017	0.84021	124.04007	148.45605	45.57802	0.36074	 	107980.5028	 	6.54568E-5	 	17276.9262	59.53734	 
1170.0	1.0	0.0	7.60497	7.42466	-6.78147	20.09092	29.54303	1.1968	0.83556	125.08417	148.8197	45.98969	0.35992	 	117501.4072	 	5.99453E-5	 	16983.16494	58.75225	 
1165.0	1.0	0.0	7.6097	7.42005	-6.83939	19.98481	29.28471	1.20318	0.83113	126.09821	149.16992	46.38995	0.35911	 	127949.9095	 	5.48594E-5	 	16693.20158	57.99267	 
1160.0	1.0	0.0	7.61436	7.41551	-6.89638	19.88091	29.03511	1.2093	0.82692	127.08362	149.50776	46.77932	0.35833	 	139424.2919	 	5.01695E-5	 	16406.91161	57.258	 
1155.0	1.0	0.0	7.61895	7.41104	-6.95247	19.77914	28.79379	1.21518	0.82292	128.04174	149.83414	47.1583	0.35757	 	152034.0533	 	4.58479E-5	 	16124.17377	56.54757	 
1150.0	1.0	0.0	7.62347	7.40664	-7.00769	19.67943	28.56037	1.22082	0.81912	128.97383	150.14989	47.52732	0.35684	 	165901.2768	 	4.18685E-5	 	15844.87017	55.86072	 
1149.19	1.0	0.0	7.62419	7.40594	-7.01651	19.66355	28.52348	1.22171	0.81852	129.12163	150.1998	47.58587	0.35672	 	168261.7363	 	4.12578E-5	 	15800.18761	 	 
1145.0	1.0	0.0	7.6293	7.40098	-7.07874	19.52479	28.29224	1.22806	0.81429	130.13409	150.38865	47.99233	0.35578	 	181644.0118	 	3.81055E-5	 	15507.16523	67.54099	 
1144.67	1.0	0.0	7.6297	7.4006	-7.08356	19.51407	28.27477	1.22854	0.81398	130.21209	150.40331	48.02365	0.35571	 	182741.8142	 	3.78678E-5	 	15484.41923	 	 
1140.0	1.0	0.0	7.63382	7.3966	-7.13382	19.42352	28.07203	1.23333	0.81081	131.03891	150.67872	48.35181	0.35506	 	198598.9186	 	3.47295E-5	 	15227.94951	55.84314	 
1135.0	1.0	0.0	7.63818	7.39238	-7.1868	19.32856	27.86164	1.23825	0.80759	131.90115	150.96529	48.69428	0.35438	 	217248.7458	 	3.16358E-5	 	14956.69439	54.25102	 
1130.0	1.0	0.0	7.64248	7.38822	-7.23896	19.23558	27.65777	1.24295	0.80454	132.7408	151.24383	49.02804	0.35372	 	237817.8063	 	2.87969E-5	 	14688.71596	53.59569	 
1125.0	1.0	0.0	7.64671	7.38413	-7.29033	19.14448	27.46009	1.24744	0.80164	133.55889	151.51483	49.35348	0.35308	 	260520.2658	 	2.61938E-5	 	14423.88028	52.96714	 
1120.0	1.0	0.0	7.65089	7.3801	-7.34095	19.05519	27.26827	1.25172	0.7989	134.35641	151.7787	49.67095	0.35246	 	285595.9519	 	2.38085E-5	 	14162.06075	52.36391	 
1115.0	1.0	0.0	7.65501	7.37613	-7.39085	18.96762	27.08203	1.2558	0.7963	135.13427	152.03586	49.98082	0.35186	 	313313.6494	 	2.16244E-5	 	13903.13758	51.78463	 
1110.0	1.0	0.0	7.65908	7.37221	-7.44004	18.8817	26.90108	1.2597	0.79384	135.89334	152.28667	50.28339	0.35127	 	343974.8065	 	1.96259E-5	 	13646.99738	51.22804	 
1105.0	1.0	0.0	7.6631	7.36834	-7.48857	18.79736	26.72515	1.2634	0.79151	136.63443	152.53148	50.57898	0.3507	 	377917.8105	 	1.77986E-5	 	13393.53266	50.69294	 
1100.0	1.0	0.0	7.66707	7.36453	-7.53645	18.71453	26.55401	1.26693	0.78931	137.35832	152.77061	50.86789	0.35015	 	415522.7611	 	1.61291E-5	 	13142.64158	50.17822	 
1095.0	1.0	0.0	7.67099	7.36076	-7.58371	18.63315	26.38741	1.27029	0.78722	138.06575	153.00435	51.1504	0.34961	 	457216.9925	 	1.46049E-5	 	12894.22745	49.68283	 
1090.0	1.0	0.0	7.67486	7.35705	-7.63037	18.55316	26.22513	1.27348	0.78525	138.75741	153.233	51.42676	0.34908	 	503481.3039	 	1.32144E-5	 	12648.19845	49.2058	 
1085.0	1.0	0.0	7.67869	7.35338	-7.67645	18.4745	26.06697	1.27651	0.78339	139.43397	153.45681	51.69723	0.34856	 	554857.1155	 	1.19468E-5	 	12404.46739	48.74621	 
1080.0	1.0	0.0	7.68248	7.34975	-7.72197	18.39711	25.91272	1.27938	0.78163	140.09606	153.67603	51.96205	0.34806	 	611954.5829	 	1.07923E-5	 	12162.95135	48.30321	 
1075.0	1.0	0.0	7.68623	7.34617	-7.76695	18.32095	25.76221	1.2821	0.77997	140.74429	153.89092	52.22146	0.34757	 	675461.9281	 	9.74146E-6	 	11923.57145	47.87598	 
1070.0	1.0	0.0	7.68993	7.34263	-7.81142	18.24596	25.61526	1.28467	0.77841	141.37922	154.10169	52.47567	0.34709	 	746156.028	 	8.78581E-6	 	11686.25263	47.46377	 
1065.0	1.0	0.0	7.6936	7.33913	-7.85538	18.17209	25.47171	1.2871	0.77694	142.00142	154.30855	52.72489	0.34663	 	824914.6663	 	7.9174E-6	 	11450.92338	47.06585	 
1060.0	1.0	0.0	7.69723	7.33566	-7.89886	18.09931	25.33139	1.2894	0.77556	142.61141	154.51173	52.96933	0.34617	 	912730.3403	 	7.12891E-6	 	11217.51559	46.68156	 
1055.0	1.0	0.0	7.70083	7.33224	-7.94186	18.02756	25.19417	1.29156	0.77426	143.20969	154.71141	53.20917	0.34572	 	1010726.415	 	6.41358E-6	 	10985.9643	46.31026	 
1050.0	1.0	0.0	7.70439	7.32885	-7.98442	17.9568	25.0599	1.29359	0.77304	143.79675	154.90779	53.44461	0.34529	 	1120175.336	 	5.76514E-6	 	10756.20755	45.95135	 
1045.0	1.0	0.0	7.70792	7.32549	-8.02653	17.887	24.92846	1.29549	0.77191	144.37304	155.10103	53.67581	0.34486	 	1242519.74	 	5.17784E-6	 	10528.18623	45.60426	 
1040.0	1.0	0.0	7.71142	7.32217	-8.06822	17.81811	24.79973	1.29728	0.77084	144.93902	155.29133	53.90296	0.34444	 	1379396.666	 	4.64635E-6	 	10301.84389	45.26847	 
1035.0	1.0	0.0	7.71488	7.31889	-8.10949	17.7501	24.67358	1.29895	0.76985	145.49509	155.47883	54.12621	0.34404	 	1532665.481	 	4.16579E-6	 	10077.12659	44.94346	 
1030.0	1.0	0.0	7.71831	7.31563	-8.15037	17.68293	24.5499	1.3005	0.76893	146.04168	155.6637	54.34572	0.34364	 	1704439.933	 	3.73164E-6	 	9853.9828	44.62876	 
1025.0	1.0	0.0	7.72172	7.31241	-8.19086	17.61657	24.4286	1.30194	0.76808	146.57916	155.8461	54.56164	0.34324	 	1897125.185	 	3.33976E-6	 	9632.36341	44.32388	 
1020.0	1.0	0.0	7.72509	7.30921	-8.23097	17.55098	24.30958	1.30328	0.7673	147.10793	156.02616	54.77412	0.34286	 	2113460.536	 	2.98636E-6	 	9412.22155	44.02837	 
1015.0	1.0	0.0	7.72844	7.30604	-8.27072	17.48615	24.19273	1.30451	0.76657	147.62832	156.20403	54.98329	0.34248	 	2356568.766	 	2.66792E-6	 	9193.51172	43.74197	 
1010.0	1.0	0.0	7.73176	7.30291	-8.31012	17.42202	24.07798	1.30564	0.76591	148.1407	156.37985	55.1893	0.34211	 	2630013.231	 	2.38126E-6	 	8976.19073	43.4642	 
1005.0	1.0	0.0	7.73505	7.2998	-8.34917	17.35859	23.96524	1.30667	0.7653	148.64539	156.55373	55.39225	0.34175	 	2937864.033	 	2.12342E-6	 	8760.21721	43.1947	 
1000.0	1.0	0.0	7.73832	7.29671	-8.38788	17.29581	23.85444	1.3076	0.76476	149.14272	156.72581	55.59229	0.3414	 	3284774.387	 	1.89174E-6	 	8545.55148	42.93314	 
995.0	1.0	0.0	7.74157	7.29366	-8.42628	17.23367	23.74563	1.30844	0.76427	149.63297	156.8962	55.78953	0.34105	 	3676069.376	 	1.68373E-6	 	8332.15554	42.67919	 
990.0	1.0	0.0	7.74479	7.29062	-8.46435	17.17213	23.63838	1.30919	0.76383	150.11647	157.06502	55.98408	0.34071	 	4117849.345	 	1.49717E-6	 	8119.99293	42.43252	 
985.0	1.0	0.0	7.74798	7.28761	-8.50212	17.11118	23.53286	1.30986	0.76344	150.59347	157.23237	56.17606	0.34037	 	4617109.512	 	1.32999E-6	 	7909.02867	42.19285	 
980.0	1.0	0.0	7.75116	7.28463	-8.53959	17.05078	23.42899	1.31044	0.76311	151.06426	157.39837	56.36556	0.34004	 	5181879.375	 	1.18033E-6	 	7699.22915	41.9599	 
975.0	1.0	0.0	7.75431	7.28167	-8.57677	16.99092	23.32673	1.31093	0.76282	151.52911	157.56311	56.5527	0.33972	 	5821385.097	 	1.04647E-6	 	7490.56214	41.7334	 
970.0	1.0	0.0	7.75744	7.27873	-8.61367	16.93157	23.226	1.31134	0.76258	151.98825	157.72669	56.73756	0.3394	 	6546239.262	 	9.26869E-7	 	7282.99663	41.5131	 
965.0	1.0	0.0	7.76055	7.27581	-8.65029	16.87272	23.12676	1.31167	0.76239	152.44194	157.88921	56.92025	0.33908	 	7368661.205	 	8.20109E-7	 	7076.50282	41.29876	 
960.0	1.0	0.0	7.76364	7.27292	-8.68664	16.81433	23.02896	1.31192	0.76224	152.8904	158.05075	57.10086	0.33877	 	8302735.955	 	7.24905E-7	 	6871.0521	41.09015	 
955.0	1.0	0.0	7.76671	7.27004	-8.72273	16.7564	22.93253	1.3121	0.76214	153.33387	158.21139	57.27947	0.33847	 	9364716.331	 	6.40094E-7	 	6666.61688	40.88704	 
950.0	1.0	0.0	7.76976	7.26719	-8.75856	16.6989	22.83745	1.31219	0.76208	153.77255	158.37123	57.45616	0.33817	 	1.057337695E7	 	5.64615E-7	 	6463.17066	40.68924	 
945.0	1.0	0.0	7.77279	7.26436	-8.79414	16.64181	22.74366	1.31222	0.76207	154.20666	158.53034	57.63102	0.33788	 	1.195042861E7	 	4.97512E-7	 	6260.6879	40.49655	 
940.0	1.0	0.0	7.7758	7.26154	-8.82948	16.58512	22.65113	1.31217	0.7621	154.6364	158.68879	57.80413	0.33759	 	1.352100647E7	 	4.37917E-7	 	6059.14399	40.30878	 
935.0	1.0	0.0	7.7788	7.25875	-8.86458	16.52881	22.5598	1.31205	0.76216	155.06195	158.84666	57.97557	0.3373	 	1.531424197E7	 	3.85046E-7	 	5858.51524	40.12575	 
930.0	1.0	0.0	7.78178	7.25597	-8.89944	16.47286	22.46964	1.31187	0.76227	155.48352	159.00403	58.14539	0.33702	 	1.736393781E7	 	3.38188E-7	 	5658.77879	39.94729	 
925.0	1.0	0.0	7.78474	7.25321	-8.93408	16.41725	22.38062	1.31161	0.76242	155.90126	159.16095	58.31369	0.33675	 	1.97093605E7	 	2.96705E-7	 	5459.91258	39.77324	 
920.0	1.0	0.0	7.78768	7.25047	-8.9685	16.36197	22.2927	1.31129	0.76261	156.31537	159.31749	58.48052	0.33647	 	2.239617636E7	 	2.60021E-7	 	5261.89537	39.60344	 
915.0	1.0	0.0	7.79061	7.24774	-9.0027	16.30701	22.20585	1.3109	0.76283	156.726	159.47372	58.64594	0.3362	 	2.547755937E7	 	2.27615E-7	 	5064.70661	39.43775	 
910.0	1.0	0.0	7.79352	7.24504	-9.03668	16.25235	22.12003	1.31045	0.7631	157.13332	159.62969	58.81003	0.33594	 	2.901549594E7	 	1.9902E-7	 	4868.32646	39.27603	 
905.0	1.0	0.0	7.79641	7.24235	-9.07046	16.19796	22.03522	1.30993	0.7634	157.53748	159.78547	58.97285	0.33568	 	3.308233487E7	 	1.73817E-7	 	4672.73576	39.11814	 
900.0	1.0	0.0	7.79929	7.23967	-9.10403	16.14385	21.95138	1.30936	0.76373	157.93863	159.9411	59.13444	0.33542	 	3.776262117E7	 	1.51628E-7	 	4477.91598	38.96396	 
895.0	1.0	0.0	7.80216	7.23702	-9.13741	16.08999	21.86849	1.30872	0.76411	158.33692	160.09664	59.29488	0.33517	 	4.315527316E7	 	1.32115E-7	 	4283.84921	38.81335	 
890.0	1.0	0.0	7.80501	7.23437	-9.17058	16.03638	21.78652	1.30802	0.76451	158.73248	160.25215	59.4542	0.33491	 	4.937617011E7	 	1.14975E-7	 	4090.5181	38.66622	 
885.0	1.0	0.0	7.80784	7.23175	-9.20357	15.983	21.70544	1.30726	0.76496	159.12545	160.40766	59.61248	0.33467	 	5.65612324E7	 	9.99385E-8	 	3897.90587	38.52245	 
880.0	1.0	0.0	7.81066	7.22913	-9.23637	15.92983	21.62523	1.30644	0.76544	159.51596	160.56324	59.76975	0.33442	 	6.487008921E7	 	8.67617E-8	 	3705.99619	38.38194	 
875.0	1.0	0.0	7.81347	7.22654	-9.26898	15.87687	21.54587	1.30557	0.76595	159.90413	160.71891	59.92607	0.33418	 	7.449046062E7	 	7.52289E-8	 	3514.77326	38.24459	 
870.0	1.0	0.0	7.81626	7.22395	-9.30141	15.82409	21.46734	1.30464	0.76649	160.29009	160.87474	60.08149	0.33394	 	8.564338085E7	 	6.51473E-8	 	3324.22199	38.11025	 
865.0	1.0	0.0	7.81904	7.22138	-9.33367	15.7715	21.38961	1.30366	0.76707	160.67396	161.03076	60.23605	0.3337	 	9.858945267E7	 	5.6345E-8	 	3134.32756	37.97889	 
860.0	1.0	0.0	7.82181	7.21883	-9.36575	15.71908	21.31266	1.30261	0.76769	161.05584	161.18701	60.3898	0.33347	 	1.136363548E8	 	4.86695E-8	 	2945.07561	37.85039	 
855.0	1.0	0.0	7.82457	7.21629	-9.39766	15.66682	21.23648	1.30152	0.76833	161.43584	161.34352	60.54277	0.33324	 	1.311478186E8	 	4.19848E-8	 	2756.45222	37.72468	 
850.0	1.0	0.0	7.82731	7.21376	-9.4294	15.6147	21.16104	1.30037	0.76901	161.81407	161.50034	60.69502	0.33301	 	1.515544406E8	 	3.61706E-8	 	2568.44382	37.60168	 
845.0	1.0	0.0	7.82953	7.21172	-9.45505	15.59033	21.10061	1.29829	0.77025	162.16292	161.71531	60.83214	0.33287	 	1.719703834E8	 	3.17346E-8	 	2410.74583	31.5396	 
840.0	1.0	0.0	7.83174	7.20968	-9.48064	15.56596	21.04018	1.2962	0.77149	162.51123	161.92945	60.96909	0.33273	 	1.953582307E8	 	2.78105E-8	 	2250.02889	32.14339	 
835.0	1.0	0.0	7.83395	7.20764	-9.50616	15.54159	20.97973	1.29409	0.77274	162.85898	162.14275	61.10586	0.3326	 	2.221823221E8	 	2.43431E-8	 	2089.51258	32.10326	 
830.0	1.0	0.0	7.83615	7.20562	-9.53162	15.51721	20.91927	1.29198	0.77401	163.20618	162.35522	61.24244	0.33246	 	2.529844449E8	 	2.12827E-8	 	1929.19612	32.06329	 
825.0	1.0	0.0	7.83835	7.20359	-9.55702	15.49283	20.85879	1.28985	0.77529	163.55283	162.56687	61.37885	0.33232	 	2.883975618E8	 	1.85848E-8	 	1769.07867	32.02349	 
820.0	1.0	0.0	7.84055	7.20158	-9.58236	15.46844	20.79831	1.28771	0.77657	163.89894	162.77768	61.51507	0.33219	 	3.291621147E8	 	1.6209E-8	 	1609.15939	31.98386	 
815.0	1.0	0.0	7.84274	7.19956	-9.60763	15.44405	20.73781	1.28556	0.77787	164.2445	162.98768	61.65111	0.33205	 	3.761454144E8	 	1.41195E-8	 	1449.43738	31.9444	 
810.0	1.0	0.0	7.84493	7.19755	-9.63284	15.41966	20.67729	1.2834	0.77918	164.58951	163.19685	61.78697	0.33191	 	4.303647335E8	 	1.2284E-8	 	1289.91172	31.90513	 
805.0	1.0	0.0	7.84711	7.19555	-9.65799	15.39527	20.61677	1.28122	0.7805	164.93397	163.4052	61.92265	0.33177	 	4.930148475E8	 	1.06735E-8	 	1130.58144	31.86605	 
800.0	1.0	0.0	7.84929	7.19355	-9.68307	15.37087	20.55622	1.27904	0.78184	165.27788	163.61274	62.05815	0.33164	 	5.655009283E8	 	9.26219E-9	 	971.44555	31.82718	 
795.0	1.0	0.0	7.85147	7.19156	-9.7081	15.34646	20.49567	1.27684	0.78318	165.62125	163.81947	62.19347	0.3315	 	6.494778886E8	 	8.02702E-9	 	812.50297	31.78852	 
790.0	1.0	0.0	7.85364	7.18957	-9.73305	15.32206	20.4351	1.27463	0.78454	165.96407	164.02538	62.32861	0.33136	 	7.468975096E8	 	6.94737E-9	 	653.75263	31.75007	 
785.0	1.0	0.0	7.85581	7.18759	-9.75795	15.29765	20.37452	1.27241	0.78591	166.30635	164.23049	62.46357	0.33123	 	8.60064978E8	 	6.00486E-9	 	495.19336	31.71185	 
780.0	1.0	0.0	7.85797	7.18561	-9.78278	15.27324	20.31392	1.27017	0.78729	166.64808	164.43479	62.59835	0.33109	 	9.917068123E8	 	5.18315E-9	 	336.82396	31.67388	 
775.0	1.0	0.0	7.86013	7.18364	-9.80755	15.24882	20.2533	1.26793	0.78869	166.98927	164.63829	62.73295	0.33095	 	1.145052597E9	 	4.46771E-9	 	178.64318	31.63616	 
770.0	1.0	0.0	7.86228	7.18167	-9.83225	15.2244	20.19268	1.26567	0.7901	167.32991	164.84099	62.86737	0.33082	 	1.32393349E9	 	3.84563E-9	 	20.6497	31.5987	 
765.0	1.0	0.0	7.86443	7.17971	-9.85689	15.19998	20.13203	1.26339	0.79152	167.67	165.04289	63.00161	0.33068	 	1.532901118E9	 	3.30547E-9	 	-137.15787	31.56151	 
760.0	1.0	0.0	7.86657	7.17775	-9.88147	15.17555	20.07137	1.26111	0.79295	168.00955	165.24399	63.13566	0.33054	 	1.777371334E9	 	2.83708E-9	 	-294.781	31.52462	 
755.0	1.0	0.0	7.86872	7.1758	-9.90599	15.15112	20.0107	1.25881	0.7944	168.34856	165.44431	63.26954	0.33041	 	2.063798284E9	 	2.43151E-9	 	-452.22118	31.48804	 
750.0	1.0	0.0	7.87085	7.17385	-9.93044	15.12669	19.95	1.2565	0.79586	168.68702	165.64383	63.40324	0.33027	 	2.399885554E9	 	2.08082E-9	 	-609.48003	31.45177	 
745.0	1.0	0.0	7.87298	7.17191	-9.95483	15.10225	19.8893	1.25418	0.79734	169.02495	165.84256	63.53676	0.33014	 	2.79484269E9	 	1.77804E-9	 	-766.55925	31.41584	 
740.0	1.0	0.0	7.87511	7.16997	-9.97915	15.07781	19.82857	1.25184	0.79882	169.36232	166.04051	63.67009	0.33	 	3.259697395E9	 	1.51699E-9	 	-923.4606	31.38027	 
735.0	1.0	0.0	7.87723	7.16804	-10.00341	15.05336	19.76783	1.24949	0.80033	169.69916	166.23768	63.80325	0.32986	 	3.807676118E9	 	1.29227E-9	 	-1080.18595	31.34507	 
730.0	1.0	0.0	7.87935	7.16611	-10.02761	15.02892	19.70707	1.24712	0.80184	170.03545	166.43406	63.93623	0.32973	 	4.454668825E9	 	1.0991E-9	 	-1236.73727	31.31026	 
725.0	1.0	0.0	7.88147	7.16419	-10.05175	15.00447	19.64629	1.24475	0.80338	170.3712	166.62967	64.06903	0.32959	 	5.219797593E9	 	9.33316E-10	 	-1393.11665	31.27587	 
720.0	1.0	0.0	7.88358	7.16227	-10.07582	14.98001	19.5855	1.24236	0.80492	170.70641	166.8245	64.20165	0.32946	 	6.126113422E9	 	7.91255E-10	 	-1549.32627	31.24192	 
715.0	1.0	0.0	7.88568	7.16036	-10.09983	14.95555	19.52468	1.23995	0.80648	171.04108	167.01856	64.33408	0.32932	 	7.201451758E9	 	6.69714E-10	 	-1705.36843	31.20843	 
710.0	1.0	0.0	7.88778	7.15845	-10.12378	14.93109	19.46385	1.23753	0.80806	171.3752	167.21184	64.46634	0.32918	 	8.479484796E9	 	5.65897E-10	 	-1861.2456	31.17543	 
705.0	1.0	0.0	7.88988	7.15655	-10.14766	14.90663	19.403	1.2351	0.80965	171.70879	167.40436	64.59842	0.32905	 	1.0001E10	 	4.77362E-10	 	-2016.96034	31.14295	 
700.0	1.0	0.0	7.89197	7.15465	-10.17148	14.88216	19.34213	1.23265	0.81126	172.04183	167.59611	64.73032	0.32891	 	1.1815599999999998E10	 	4.01986E-10	 	-2172.5154	31.11101	 
695.0	1.0	0.0	7.89406	7.15276	-10.19523	14.85769	19.28125	1.23019	0.81288	172.37434	167.7871	64.86204	0.32878	 	1.3983499999999998E10	 	3.37921E-10	 	-2327.91366	31.07965	 
690.0	1.0	0.0	7.89614	7.15087	-10.21892	14.83321	19.22034	1.22772	0.81452	172.7063	167.97732	64.99358	0.32864	 	1.6578099999999998E10	 	2.83561E-10	 	-2483.15817	31.0489	 
685.0	1.0	0.0	7.89822	7.14899	-10.24255	14.80873	19.15941	1.22523	0.81617	173.03773	168.16679	65.12494	0.32851	 	1.9689E10	 	2.37518E-10	 	-2638.25219	31.01881	 
680.0	1.0	0.0	7.90029	7.14712	-10.26612	14.78425	19.09846	1.22273	0.81785	173.36861	168.3555	65.25612	0.32837	 	2.3425999999999996E10	 	1.98587E-10	 	-2793.19916	30.98939	 
675.0	1.0	0.0	7.90236	7.14524	-10.28962	14.75976	19.03749	1.22021	0.81953	173.69896	168.54345	65.38712	0.32824	 	2.7923399999999996E10	 	1.65728E-10	 	-2948.00272	30.96071	 
670.0	1.0	0.0	7.90443	7.14338	-10.31306	14.73527	18.9765	1.21767	0.82124	174.02877	168.73065	65.51794	0.3281	 	3.3346199999999996E10	 	1.38045E-10	 	-3102.66673	30.9328	 
665.0	1.0	0.0	7.90649	7.14152	-10.33643	14.71078	18.91549	1.21512	0.82296	174.35804	168.9171	65.64859	0.32796	 	3.98976E10	 	1.14766E-10	 	-3257.1953	30.90571	 
660.0	1.0	0.0	7.90855	7.13966	-10.35974	14.68628	18.85446	1.21256	0.8247	174.68677	169.1028	65.77905	0.32783	 	4.782789999999999E10	 	9.52263E-11	 	-3411.5811	30.87716	 
655.0	1.0	0.0	7.9106	7.13781	-10.38299	14.66178	18.7934	1.20998	0.82646	175.01496	169.28775	65.90933	0.32769	 	5.744659999999999E10	 	7.8857E-11	 	-3565.75888	30.83556	 
650.0	1.0	0.0	7.91264	7.13596	-10.40617	14.63728	18.73232	1.20739	0.82823	175.34261	169.47197	66.03944	0.32756	 	6.91369E10	 	6.51702E-11	 	-3719.64212	30.77665	 
645.0	1.0	0.0	7.91469	7.13412	-10.42929	14.61277	18.67122	1.20478	0.83003	175.66973	169.65544	66.16936	0.32742	 	8.33742E10	 	5.37488E-11	 	-3873.23214	30.718	 
640.0	1.0	0.0	7.91673	7.13228	-10.45235	14.58826	18.61009	1.20215	0.83184	175.99631	169.83817	66.29911	0.32729	 	1.0075E11	 	4.4237E-11	 	-4026.53025	30.65962	 
635.0	1.0	0.0	7.91876	7.13045	-10.47534	14.56375	18.54895	1.19951	0.83367	176.32235	170.02016	66.42867	0.32716	 	1.22E11	 	3.63315E-11	 	-4179.53773	30.6015	 
630.0	1.0	0.0	7.92079	7.12862	-10.49827	14.53923	18.48777	1.19685	0.83552	176.64786	170.20142	66.55806	0.32702	 	1.48047E11	 	2.97747E-11	 	-4332.2559	30.54363	 
625.0	1.0	0.0	7.92281	7.1268	-10.52114	14.51471	18.42658	1.19418	0.83739	176.97283	170.38194	66.68727	0.32689	 	1.80041E11	 	2.4348E-11	 	-4484.68617	30.48605	 
620.0	1.0	0.0	7.92483	7.12499	-10.54394	14.49019	18.36535	1.19149	0.83928	177.29726	170.56173	66.8163	0.32675	 	2.1943E11	 	1.98662E-11	 	-4636.83008	30.42878	 
615.0	1.0	0.0	7.92685	7.12318	-10.56668	14.46566	18.3041	1.18879	0.84119	177.62116	170.7408	66.94515	0.32662	 	2.68033E11	 	1.61728E-11	 	-4788.68882	30.37175	 
610.0	1.0	0.0	7.92886	7.12137	-10.58936	14.44113	18.24283	1.18606	0.84312	177.94452	170.91914	67.07382	0.32648	 	3.28144E11	 	1.31358E-11	 	-4940.26365	30.31497	 
605.0	1.0	0.0	7.93086	7.11957	-10.61197	14.4166	18.18153	1.18333	0.84508	178.26734	171.09675	67.20231	0.32635	 	4.02663E11	 	1.06442E-11	 	-5091.55588	30.25845	 
600.0	1.0	0.0	7.93286	7.11777	-10.63452	14.39206	18.1202	1.18057	0.84705	178.58963	171.27364	67.33062	0.32621	 	4.95263E11	 	8.60477E-12	 	-5242.56678	30.20218	 
595.0	1.0	0.0	7.93486	7.11598	-10.657	14.36752	18.05885	1.1778	0.84904	178.91139	171.44982	67.45875	0.32608	 	6.10614E11	 	6.93929E-12	 	-5393.29764	30.14617	 
590.0	1.0	0.0	7.93685	7.1142	-10.67942	14.34297	17.99746	1.17501	0.85106	179.23261	171.62527	67.5867	0.32595	 	7.54658E11	 	5.58243E-12	 	-5543.74975	30.09042	 
585.0	1.0	0.0	7.93884	7.11242	-10.70178	14.31842	17.93605	1.1722	0.8531	179.55329	171.80001	67.71448	0.32581	 	9.34987E11	 	4.47965E-12	 	-5693.92436	30.03492	 
580.0	1.0	0.0	7.94082	7.11064	-10.72407	14.29387	17.87461	1.16938	0.85516	179.87344	171.97403	67.84207	0.32568	 	1.16132E12	 	3.58559E-12	 	-5843.82277	29.97968	 
575.0	1.0	0.0	7.9428	7.10887	-10.7463	14.26932	17.81314	1.16654	0.85724	180.19306	172.14734	67.96949	0.32554	 	1.44613E12	 	2.86254E-12	 	-5993.44624	29.92469	 
570.0	1.0	0.0	7.94477	7.1071	-10.76847	14.24476	17.75164	1.16368	0.85935	180.51214	172.31994	68.09672	0.32541	 	1.80549E12	 	2.27928E-12	 	-6142.79606	29.86996	 
565.0	1.0	0.0	7.94674	7.10534	-10.79057	14.22019	17.69011	1.1608	0.86148	180.83069	172.49184	68.22378	0.32528	 	2.26011E12	 	1.81E-12	 	-6291.87349	29.81549	 
560.0	1.0	0.0	7.9487	7.10359	-10.81261	14.19563	17.62855	1.1579	0.86363	181.14871	172.66302	68.35066	0.32514	 	2.83685E12	 	1.43342E-12	 	-6440.67978	29.76126	 
555.0	1.0	0.0	7.95066	7.10184	-10.83458	14.17106	17.56696	1.15499	0.86581	181.46619	172.83351	68.47736	0.32501	 	3.57055E12	 	1.13204E-12	 	-6589.21621	29.70729	 
550.0	1.0	0.0	7.95262	7.10009	-10.85649	14.14649	17.50533	1.15206	0.86801	181.78314	173.00329	68.60388	0.32488	 	4.50658E12	 	8.91494E-13	 	-6737.48404	29.65357	 
545.0	1.0	0.0	7.95457	7.09835	-10.87834	14.12191	17.44367	1.14911	0.87024	182.09955	173.17237	68.73022	0.32474	 	5.70421E12	 	7.00042E-13	 	-6885.48453	29.6001	 
540.0	1.0	0.0	7.95651	7.09662	-10.90012	14.09733	17.38198	1.14614	0.87249	182.41544	173.34075	68.85638	0.32461	 	7.24106E12	 	5.48094E-13	 	-7033.21893	29.54688	 
535.0	1.0	0.0	7.95845	7.09489	-10.92184	14.07275	17.32025	1.14315	0.87477	182.73079	173.50844	68.98236	0.32447	 	9.21915E12	 	4.27846E-13	 	-7180.6885	29.49391	 
530.0	1.0	0.0	7.96039	7.09316	-10.9435	14.04816	17.25849	1.14014	0.87708	183.0456	173.67544	69.10817	0.32434	 	1.1773E13	 	3.32964E-13	 	-7327.89447	29.44119	 
525.0	1.0	0.0	7.96232	7.09144	-10.96509	14.02357	17.19669	1.13712	0.87942	183.35989	173.84174	69.23379	0.32421	 	1.50803E13	 	2.58321E-13	 	-7474.83812	29.38873	 
520.0	1.0	0.0	7.96424	7.08973	-10.98662	13.99898	17.13486	1.13407	0.88178	183.67364	174.00735	69.35924	0.32407	 	1.93772E13	 	1.99779E-13	 	-7621.52066	29.33651	 
515.0	1.0	0.0	7.96616	7.08802	-11.00808	13.97438	17.07299	1.13101	0.88417	183.98686	174.17227	69.4845	0.32394	 	2.49778E13	 	1.54007E-13	 	-7767.94334	29.28454	 
510.0	1.0	0.0	7.96808	7.08632	-11.02948	13.94978	17.01108	1.12792	0.88659	184.29955	174.33651	69.60959	0.32381	 	3.23016E13	 	1.18333E-13	 	-7914.1074	29.23281	 
505.0	1.0	0.0	7.96999	7.08462	-11.05082	13.92517	16.94913	1.12482	0.88903	184.61171	174.50006	69.7345	0.32368	 	4.19111E13	 	9.06193E-14	 	-8060.01408	29.18133	 
500.0	1.0	0.0	7.9719	7.08292	-11.07209	13.90057	16.88714	1.12169	0.89151	184.92334	174.66293	69.85923	0.32354	 	5.45629E13	 	6.91596E-14	 	-8205.66459	29.1301	 
495.0	1.0	0.0	7.9738	7.08123	-11.0933	13.87596	16.82512	1.11855	0.89402	185.23444	174.82512	69.98378	0.32341	 	7.12783E13	 	5.25987E-14	 	-8351.06018	29.07912	 
490.0	1.0	0.0	7.9757	7.07955	-11.11444	13.85134	16.76305	1.11538	0.89656	185.545	174.98663	70.10815	0.32328	 	9.34411E13	 	3.98619E-14	 	-8496.20204	29.02837	 
485.0	1.0	0.0	7.97759	7.07787	-11.13552	13.82672	16.70094	1.11219	0.89912	185.85504	175.14747	70.23234	0.32314	 	1.22933E14	 	3.01004E-14	 	-8641.09141	28.97788	 
480.0	1.0	0.0	7.97947	7.0762	-11.15654	13.8021	16.63879	1.10899	0.90172	186.16454	175.30763	70.35635	0.32301	 	1.62324E14	 	2.26457E-14	 	-8785.72951	28.92762	 
475.0	1.0	0.0	7.98136	7.07453	-11.17749	13.77748	16.57659	1.10576	0.90436	186.47351	175.46711	70.48019	0.32288	 	2.15134E14	 	1.69733E-14	 	-8930.11753	28.8776	 
470.0	1.0	0.0	7.98323	7.07286	-11.19838	13.75285	16.51435	1.10251	0.90702	186.78196	175.62593	70.60384	0.32275	 	2.86208E14	 	1.2673E-14	 	-9074.25668	28.82783	 
465.0	1.0	0.0	7.98511	7.0712	-11.2192	13.72822	16.45206	1.09923	0.90972	187.08987	175.78407	70.72732	0.32261	 	3.82239E14	 	9.42533E-15	 	-9218.14818	28.7783	 
460.0	1.0	0.0	7.98697	7.06955	-11.23996	13.70358	16.38973	1.09594	0.91246	187.39726	175.94155	70.85061	0.32248	 	5.1250799999999994E14	 	6.98198E-15	 	-9361.79319	28.729	 
455.0	1.0	0.0	7.98884	7.0679	-11.26066	13.67894	16.32735	1.09263	0.91523	187.70411	176.09836	70.97373	0.32235	 	6.89947E14	 	5.151E-15	 	-9505.19294	28.67995	 
450.0	1.0	0.0	7.99069	7.06626	-11.28129	13.6543	16.26492	1.08929	0.91803	188.01044	176.25451	71.09667	0.32222	 	9.32646E14	 	3.78441E-15	 	-9648.34859	28.63113	 
445.0	1.0	0.0	7.99255	7.06462	-11.30186	13.62965	16.20244	1.08593	0.92087	188.31623	176.41	71.21943	0.32208	 	1.26602E15	 	2.76861E-15	 	-9791.26132	28.58255	 
440.0	1.0	0.0	7.9944	7.06299	-11.32236	13.605	16.13991	1.08254	0.92375	188.6215	176.56482	71.34201	0.32195	 	1.72594E15	 	2.01671E-15	 	-9933.93232	28.5342	 
435.0	1.0	0.0	7.99624	7.06136	-11.3428	13.58035	16.07733	1.07914	0.92666	188.92623	176.71899	71.46441	0.32182	 	2.36325E15	 	1.46252E-15	 	-10076.36276	28.48609	 
430.0	1.0	0.0	7.99808	7.05974	-11.36318	13.5557	16.0147	1.07571	0.92962	189.23044	176.8725	71.58663	0.32169	 	3.2504E15	 	1.05584E-15	 	-10218.5538	28.43821	 
425.0	1.0	0.0	7.99991	7.05812	-11.38349	13.53104	15.95201	1.07226	0.93261	189.53412	177.02536	71.70867	0.32156	 	4.49102E15	 	7.58735E-16	 	-10360.50643	28.39053	 
420.0	1.0	0.0	8.00174	7.05651	-11.40374	13.50637	15.88927	1.06878	0.93564	189.83727	177.17756	71.83053	0.32142	 	6.23419E15	 	5.42668E-16	 	-10502.22206	28.34313	 
415.0	1.0	0.0	8.00356	7.0549	-11.42392	13.48171	15.82647	1.06528	0.93872	190.1399	177.32911	71.95222	0.32129	 	8.69529E15	 	3.86265E-16	 	-10643.70116	28.29582	 
410.0	1.0	0.0	8.00538	7.0533	-11.44404	13.45704	15.76362	1.06176	0.94183	190.44199	177.48001	72.07372	0.32116	 	1.21872E16	 	2.73589E-16	 	-10784.9439	28.24855	 
405.0	1.0	0.0	8.00719	7.0517	-11.46409	13.43236	15.7007	1.05821	0.94499	190.74356	177.63026	72.19505	0.32103	 	1.7166600000000002E16	 	1.92809E-16	 	-10925.95044	28.20131	 
400.0	1.0	0.0	8.009	7.05011	-11.48408	13.40768	15.63773	1.05464	0.94819	191.04459	177.77987	72.31619	0.3209	 	2.4304E16	 	1.35183E-16	 	-11066.72096	28.1541	 
395.0	1.0	0.0	8.01081	7.04852	-11.50401	13.383	15.57469	1.05104	0.95144	191.34511	177.92883	72.43716	0.32077	 	3.4588300000000004E16	 	9.42826E-17	 	-11207.25559	28.10693	 
390.0	1.0	0.0	8.0126	7.04694	-11.52387	13.35832	15.51159	1.04742	0.95473	191.64509	178.07715	72.55794	0.32063	 	4.94871E16	 	6.54043E-17	 	-11347.55452	28.05978	 
385.0	1.0	0.0	8.0144	7.04536	-11.54367	13.33363	15.44842	1.04377	0.95806	191.94454	178.22483	72.67855	0.3205	 	7.1189900000000008E16	 	4.51225E-17	 	-11487.61785	28.01267	 
380.0	1.0	0.0	8.01619	7.04379	-11.5634	13.30894	15.38519	1.0401	0.96144	192.24347	178.37187	72.79898	0.32037	 	1.02982E17	 	3.09554E-17	 	-11627.44575	27.96558	 
375.0	1.0	0.0	8.01797	7.04222	-11.58307	13.28425	15.32189	1.0364	0.96487	192.54187	178.51827	72.91923	0.32024	 	1.49824E17	 	2.11145E-17	 	-11767.0383	27.91851	 
370.0	1.0	0.0	8.01975	7.04066	-11.60268	13.25955	15.25852	1.03268	0.96835	192.83975	178.66403	73.0393	0.32011	 	2.19246E17	 	1.43175E-17	 	-11906.39565	27.87147	 
365.0	1.0	0.0	8.02152	7.03911	-11.62222	13.23485	15.19508	1.02893	0.97188	193.13709	178.80916	73.15919	0.31998	 	3.22754E17	 	9.65023E-18	 	-12045.51791	27.82445	 
360.0	1.0	0.0	8.02329	7.03755	-11.64169	13.21014	15.13157	1.02515	0.97546	193.43391	178.95366	73.2789	0.31985	 	4.78041E17	 	6.4644E-18	 	-12184.40516	27.77745	 
355.0	1.0	0.0	8.02505	7.03601	-11.66111	13.18543	15.06798	1.02135	0.9791	193.73021	179.09753	73.39843	0.31972	 	7.12482E17	 	4.30304E-18	 	-12323.0575	27.73047	 
350.0	1.0	0.0	8.02681	7.03447	-11.68045	13.16072	15.00431	1.01752	0.98278	194.02597	179.24076	73.51778	0.31959	 	1.06872E18	 	2.84587E-18	 	-12461.475	27.6835	 
345.0	1.0	0.0	8.02856	7.03293	-11.69974	13.13601	14.94057	1.01366	0.98652	194.32121	179.38337	73.63695	0.31945	 	1.61363E18	 	1.86972E-18	 	-12599.65773	27.63655	 
340.0	1.0	0.0	8.03031	7.0314	-11.71896	13.11129	14.87675	1.00978	0.99032	194.61593	179.52535	73.75595	0.31932	 	2.45279E18	 	1.22009E-18	 	-12737.60575	27.5896	 
335.0	1.0	0.0	8.03205	7.02987	-11.73811	13.08657	14.81284	1.00586	0.99417	194.91011	179.66671	73.87476	0.31919	 	3.75412E18	 	7.90658E-19	 	-12875.31911	27.54267	 
330.0	1.0	0.0	8.03379	7.02835	-11.7572	13.06184	14.74885	1.00192	0.99808	195.20377	179.80745	73.99339	0.31906	 	5.78657E18	 	5.08734E-19	 	-13012.79784	27.49575	 
325.0	1.0	0.0	8.03552	7.02684	-11.77623	13.03711	14.68477	0.99795	1.00205	195.49691	179.94756	74.11185	0.31893	 	8.98411E18	 	3.24954E-19	 	-13150.04197	27.44883	 
320.0	1.0	0.0	8.03725	7.02533	-11.79519	13.01238	14.6206	0.99395	1.00609	195.78952	180.08706	74.23012	0.3188	 	1.40524E19	 	2.06016E-19	 	-13287.05149	27.40191	 
315.0	1.0	0.0	8.03897	7.02382	-11.81408	12.98764	14.55635	0.98992	1.01018	196.0816	180.22593	74.34821	0.31867	 	2.21477E19	 	1.29613E-19	 	-13423.82643	27.35499	 
310.0	1.0	0.0	8.04069	7.02232	-11.83292	12.9629	14.49199	0.98587	1.01434	196.37316	180.36419	74.46613	0.31854	 	3.51799E19	 	8.09045E-20	 	-13560.36675	27.30806	 
305.0	1.0	0.0	8.0424	7.02083	-11.85168	12.93816	14.42754	0.98178	1.01856	196.66419	180.50184	74.58386	0.31841	 	5.63296E19	 	5.00946E-20	 	-13696.67241	27.26113	 
300.0	1.0	0.0	8.04411	7.01934	-11.87039	12.91341	14.36299	0.97766	1.02285	196.9547	180.63887	74.70142	0.31828	 	9.0938E19	 	3.07616E-20	 	-13832.74339	27.2142	 
295.0	1.0	0.0	8.04581	7.01785	-11.88903	12.88866	14.29834	0.97352	1.0272	197.24468	180.77529	74.81879	0.31815	 	1.48053E20	 	1.87298E-20	 	-13968.5796	27.16724	 
290.0	1.0	0.0	8.04751	7.01637	-11.9076	12.86391	14.23359	0.96934	1.03163	197.53414	180.9111	74.93599	0.31802	 	2.4313399999999997E20	 	1.13049E-20	 	-14104.181	27.12028	 
285.0	1.0	0.0	8.0492	7.0149	-11.92611	12.83915	14.16873	0.96513	1.03613	197.82307	181.0463	75.05301	0.31789	 	4.0284099999999997E20	 	6.76244E-21	 	-14239.54747	27.07329	 
280.0	1.0	0.0	8.05088	7.01343	-11.94456	12.81439	14.10375	0.96089	1.0407	198.11148	181.18089	75.16984	0.31776	 	6.73577E20	 	4.00814E-21	 	-14374.67889	27.02628	 
275.0	1.0	0.0	8.05256	7.01197	-11.96294	12.78963	14.03866	0.95662	1.04535	198.39936	181.31488	75.2865	0.31763	 	1.13688E21	 	2.35328E-21	 	-14509.57514	26.97925	 
270.0	1.0	0.0	8.05424	7.01051	-11.98125	12.76486	13.97346	0.95232	1.05007	198.68672	181.44826	75.40297	0.3175	 	1.9374200000000001E21	 	1.3683E-21	 	-14644.23609	26.93219	 
265.0	1.0	0.0	8.05591	7.00905	-11.99951	12.74009	13.90813	0.94798	1.05487	198.97355	181.58104	75.51927	0.31737	 	3.33455E21	 	7.87685E-22	 	-14778.66154	26.88509	 
260.0	1.0	0.0	8.05758	7.00761	-12.01769	12.71531	13.84268	0.94362	1.05975	199.25986	181.71322	75.63539	0.31724	 	5.79794E21	 	4.4881E-22	 	-14912.85132	26.83796	 
255.0	1.0	0.0	8.05924	7.00616	-12.03582	12.69053	13.77711	0.93922	1.06472	199.54564	181.8448	75.75132	0.31711	 	1.01873E22	 	2.53038E-22	 	-15046.80521	26.79078	 
250.0	1.0	0.0	8.06089	7.00472	-12.05387	12.66575	13.7114	0.93478	1.06977	199.8309	181.97578	75.86708	0.31698	 	1.80935E22	 	1.4112E-22	 	-15180.52297	26.74355	 
245.0	1.0	0.0	8.06254	7.00329	-12.07187	12.64097	13.64555	0.93032	1.0749	200.11564	182.10617	75.98266	0.31685	 	3.2493899999999997E22	 	7.78289E-23	 	-15314.00435	26.69628	 
240.0	1.0	0.0	8.06418	7.00186	-12.0898	12.61618	13.57957	0.92582	1.08013	200.39985	182.23596	76.09805	0.31672	 	5.90249E22	 	4.24322E-23	 	-15447.24907	26.64894	 
235.0	1.0	0.0	8.06582	7.00044	-12.10766	12.59139	13.51344	0.92128	1.08545	200.68354	182.36516	76.21327	0.31659	 	1.0848499999999998E23	 	2.28617E-23	 	-15580.25681	26.60155	 
230.0	1.0	0.0	8.06746	6.99902	-12.12546	12.56659	13.44716	0.91671	1.09086	200.9667	182.49376	76.3283	0.31646	 	2.0181799999999998E23	 	1.21682E-23	 	-15713.02722	26.55408	 
225.0	1.0	0.0	8.06909	6.99761	-12.14319	12.54179	13.38073	0.91211	1.09636	201.24934	182.62178	76.44316	0.31633	 	3.8015499999999995E23	 	6.39568E-24	 	-15845.55995	26.50655	 
220.0	1.0	0.0	8.07071	6.9962	-12.16086	12.51699	13.31414	0.90747	1.10197	201.53145	182.7492	76.55783	0.3162	 	7.25333E23	 	3.3184E-24	 	-15977.8546	26.45893	 
215.0	1.0	0.0	8.07233	6.9948	-12.17847	12.49219	13.24739	0.90279	1.10767	201.81305	182.87604	76.67233	0.31607	 	1.4023700000000002E24	 	1.69894E-24	 	-16109.91074	26.41123	 
210.0	1.0	0.0	8.07394	6.9934	-12.19601	12.46738	13.18047	0.89808	1.11348	202.09411	183.00229	76.78664	0.31595	 	2.74861E24	 	8.57937E-25	 	-16241.7279	26.36343	 
205.0	1.0	0.0	8.07555	6.99201	-12.21349	12.44256	13.11337	0.89334	1.1194	202.37466	183.12795	76.90078	0.31582	 	5.46357E24	 	4.27144E-25	 	-16373.30558	26.31554	 
200.0	1.0	0.0	8.07715	6.99063	-12.2309	12.41775	13.0461	0.88856	1.12542	202.65468	183.25304	77.01473	0.31569	 	1.10191E25	 	2.09575E-25	 	-16504.64325	26.26753	 
195.0	1.0	0.0	8.07875	6.98924	-12.24824	12.39293	12.97863	0.88374	1.13156	202.93418	183.37754	77.12851	0.31556	 	2.25592E25	 	1.01286E-25	 	-16635.74034	26.21942	 
190.0	1.0	0.0	8.08034	6.98787	-12.26553	12.3681	12.91098	0.87888	1.13781	203.21315	183.50146	77.2421	0.31543	 	4.69049E25	 	4.81936E-26	 	-16766.59623	26.17118	 
185.0	1.0	0.0	8.08192	6.9865	-12.28274	12.34328	12.84312	0.87398	1.14419	203.4916	183.6248	77.35551	0.3153	 	9.90953E25	 	2.25653E-26	 	-16897.21026	26.12281	 
180.0	1.0	0.0	8.0835	6.98513	-12.29989	12.31845	12.77506	0.86905	1.15068	203.76953	183.74756	77.46874	0.31517	 	2.1284100000000003E26	 	1.03914E-26	 	-17027.58171	26.07429	 
175.0	1.0	0.0	8.08508	6.98377	-12.31698	12.29361	12.70679	0.86408	1.1573	204.04694	183.86975	77.58179	0.31504	 	4.65015E26	 	4.70374E-27	 	-17157.70986	26.02563	 
170.0	1.0	0.0	8.08665	6.98241	-12.334	12.26878	12.63829	0.85907	1.16405	204.32382	183.99136	77.69467	0.31492	 	1.0340399999999999E27	 	2.0917E-27	 	-17287.59389	25.97681	 
165.0	1.0	0.0	8.08821	6.98106	-12.35096	12.24394	12.56956	0.85402	1.17093	204.60018	184.1124	77.80736	0.31479	 	2.34169E27	 	9.13231E-28	 	-17417.23293	25.92781	 
160.0	1.0	0.0	8.08977	6.97972	-12.36785	12.21909	12.5006	0.84893	1.17795	204.87602	184.23287	77.91986	0.31466	 	5.404E27	 	3.91209E-28	 	-17546.62609	25.87863	 
155.0	1.0	0.0	8.09133	6.97838	-12.38468	12.19424	12.43139	0.84381	1.18511	205.15133	184.35276	78.03219	0.31453	 	1.2717E28	 	1.64323E-28	 	-17675.77239	25.82926	 
150.0	1.0	0.0	8.09287	6.97704	-12.40144	12.16939	12.36192	0.83864	1.19241	205.42613	184.47209	78.14434	0.3144	 	3.0537900000000003E28	 	6.76305E-29	 	-17804.67079	25.77968	 
145.0	1.0	0.0	8.09442	6.97571	-12.41814	12.14454	12.29218	0.83343	1.19986	205.70039	184.59085	78.25631	0.31427	 	7.48842E28	 	2.72539E-29	 	-17933.32018	25.72988	 
140.0	1.0	0.0	8.09596	6.97439	-12.43477	12.11968	12.22217	0.82818	1.20747	205.97414	184.70904	78.36809	0.31415	 	1.87659E29	 	1.07454E-29	 	-18061.7194	25.67984	 
135.0	1.0	0.0	8.09749	6.97307	-12.45134	12.09482	12.15187	0.82289	1.21523	206.24737	184.82667	78.4797	0.31402	 	4.80979E29	 	4.14171E-30	 	-18189.86721	25.62956	 
130.0	1.0	0.0	8.09901	6.97175	-12.46785	12.06995	12.08127	0.81756	1.22315	206.52007	184.94373	78.59112	0.31389	 	1.26189E30	 	1.55931E-30	 	-18317.76226	25.57901	 
125.0	1.0	0.0	8.10054	6.97044	-12.48428	12.04509	12.01036	0.81219	1.23124	206.79225	185.06023	78.70237	0.31376	 	3.3918499999999997E30	 	5.72923E-31	 	-18445.40315	25.52818	 
120.0	1.0	0.0	8.10205	6.96914	-12.50066	12.02021	11.93913	0.80677	1.2395	207.06391	185.17617	78.81343	0.31363	 	9.34922E30	 	2.05244E-31	 	-18572.78839	25.47705	 
115.0	1.0	0.0	8.10356	6.96784	-12.51697	11.99534	11.86756	0.80132	1.24795	207.33504	185.29155	78.92431	0.31351	 	2.6452E31	 	7.1619E-32	 	-18699.91638	25.4256	 
110.0	1.0	0.0	8.10507	6.96655	-12.53321	11.97046	11.79563	0.79582	1.25657	207.60566	185.40637	79.03501	0.31338	 	7.69006E31	 	2.43179E-32	 	-18826.78541	25.37381	 
105.0	1.0	0.0	8.10657	6.96526	-12.54939	11.94558	11.72334	0.79028	1.26538	207.87575	185.52063	79.14553	0.31325	 	2.29963E32	 	8.02589E-33	 	-18953.39369	25.32166	 
100.0	1.0	0.0	8.10806	6.96397	-12.5655	11.92069	11.65066	0.78469	1.27439	208.14532	185.63434	79.25587	0.31312	 	7.08164E32	 	2.57179E-33	 	-19079.73931	25.26912	 
95.0	1.0	0.0	8.10955	6.9627	-12.58155	11.8958	11.57758	0.77906	1.28359	208.41436	185.74749	79.36602	0.31299	 	2.24843E33	 	7.99157E-34	 	-19205.82023	25.21618	 
90.0	1.0	0.0	8.11103	6.96142	-12.59753	11.87091	11.50408	0.77339	1.293	208.68289	185.86009	79.476	0.31287	 	7.369550000000001E33	 	2.40509E-34	 	-19331.63426	25.16281	 
85.0	1.0	0.0	8.11251	6.96016	-12.61345	11.84601	11.43015	0.76768	1.30263	208.9509	185.97214	79.58579	0.31274	 	2.49688E34	 	7.0009E-35	 	-19457.17913	25.10897	 
80.0	1.0	0.0	8.11398	6.95889	-12.6293	11.82111	11.35575	0.76192	1.31247	209.21838	186.08364	79.6954	0.31261	 	8.75711E34	 	1.96827E-35	 	-19582.45236	25.05465	 
75.0	1.0	0.0	8.11545	6.95764	-12.64509	11.79621	11.28087	0.75612	1.32254	209.48534	186.19458	79.80483	0.31249	 	3.1840299999999997E35	 	5.33674E-36	 	-19707.45136	24.9998	 
70.0	1.0	0.0	8.11691	6.95638	-12.66081	11.7713	11.20549	0.75027	1.33285	209.75178	186.30498	79.91408	0.31236	 	1.20207E36	 	1.39328E-36	 	-19832.17334	24.9444	 
65.0	1.0	0.0	8.11836	6.95514	-12.67647	11.74639	11.12958	0.74438	1.34339	210.0177	186.41483	80.02315	0.31223	 	4.7200599999999996E36	 	3.49662E-37	 	-19956.61534	24.8884	 
60.0	1.0	0.0	8.11981	6.95389	-12.69206	11.72148	11.05312	0.73845	1.35419	210.28309	186.52414	80.13204	0.3121	 	1.93105E37	 	8.42041E-38	 	-20080.77422	24.83178	 
55.0	1.0	0.0	8.12126	6.95266	-12.70759	11.69656	10.97607	0.73247	1.36524	210.54797	186.6329	80.24074	0.31198	 	8.24679E37	 	1.94211E-38	 	-20204.64663	24.77448	 
50.0	1.0	0.0	8.1227	6.95143	-12.72305	11.67164	10.8984	0.72645	1.37655	210.81232	186.74112	80.34926	0.31185	 	3.6837199999999996E38	 	4.28158E-39	 	-20328.22897	24.71647	 
45.0	1.0	0.0	8.12413	6.9502	-12.73845	11.64672	10.82009	0.72039	1.38814	211.07615	186.8488	80.4576	0.31172	 	1.72473E39	 	9.00324E-40	 	-20451.51743	24.65769	 
40.0	1.0	0.0	8.12556	6.94898	-12.75378	11.62179	10.7411	0.71428	1.40001	211.33947	186.95593	80.56576	0.3116	 	8.483250000000001E39	 	1.80168E-40	 	-20574.50795	24.5981	 
35.0	1.0	0.0	8.12698	6.94776	-12.76905	11.59686	10.66138	0.70813	1.41216	211.60226	187.06253	80.67374	0.31147	 	4.39396E40	 	3.42289E-41	 	-20697.19617	24.53764	 
30.0	1.0	0.0	8.1284	6.94655	-12.78425	11.57193	10.58091	0.70194	1.42462	211.86452	187.16859	80.78154	0.31134	 	2.40277E41	 	6.15789E-42	 	-20819.57745	24.47626	 
25.0	1.0	0.0	8.12981	6.94535	-12.79939	 	10.49963	0.69571	1.43739	212.12627	187.27411	80.88915	0.31122	 	1.3909599999999999E42	 	1.04618E-42	 	-20941.64683	 	 
