T (C)	Fraction solid (wt)-TOTAL	Fraction liquid (wt)-LIQUID	Density (g/(cm)^3)-TOTAL	Molar volume (cm^3)-TOTAL	Volume change (%)-  	Average expansion coeff. (10e-6 1/K)-  	Thermal conductivity (W/(m*K))-TOTAL	Electrical resistivity (10e-6 Ohm*m)-TOTAL	Electrical conductivity (10e6 1/(Ohm*m))-TOTAL	Young's modulus (GPa)-TOTAL	Bulk modulus (GPa)-TOTAL	Shear modulus(GPa)-TOTAL	Poisson's ratio-TOTAL	Liquid viscosity (mPa s)-  	Total viscosity (mPa s)-  	Liquid diffusivity (10e-9 (m^2)/s)-  	Total diffusivity (10e-9 (m^2)/s)-  	Surface Tension (mN/m)-  	Enthalpy (J/mole)-TOTAL	Specific heat (J/(mole K))-TOTAL	Latent heat (J/mole)-TOTAL
1400.0	0.0	1.0	7.54354	8.01728	0.0	34.76128	31.39698	1.30561	0.76593	0.0	123.45093	0.0	0.5	7.13604	7.13604	1.14437	1.14437	1855.60758	41331.196	 	0.0
1395.0	0.0	1.0	7.5479	8.01264	-0.0578245	34.72728	31.31203	1.30524	0.76614	0.0	123.58672	0.0	0.5	7.21361	7.21361	1.12868	1.12868	1859.61617	41132.594	39.7204	0.0
1390.0	0.0	1.0	7.55226	8.00802	-0.11549	34.69348	31.22708	1.30487	0.76636	0.0	123.72252	0.0	0.5	7.2925	7.2925	1.11312	1.11312	1863.64481	40934.424	39.634	0.0
1385.0	0.0	1.0	7.55661	8.00341	-0.17299	34.65989	31.14213	1.30449	0.76658	0.0	123.85831	0.0	0.5	7.37274	7.37274	1.0977	1.0977	1867.6932	40736.682	39.5484	0.0
1380.0	0.0	1.0	7.56095	7.99881	-0.23033	34.62651	31.05718	1.30412	0.7668	0.0	123.9941	0.0	0.5	7.45435	7.45435	1.0824	1.0824	1871.76098	40539.365	39.4634	0.0
1375.0	0.0	1.0	7.56529	7.99423	-0.2875	34.59333	30.97223	1.30374	0.76703	0.0	124.12989	0.0	0.5	7.53737	7.53737	1.06724	1.06724	1875.84778	40342.472	39.3786	0.0
1370.0	0.0	1.0	7.56962	7.98966	-0.34452	34.56037	30.88728	1.30336	0.76725	0.0	124.26569	0.0	0.5	7.62183	7.62183	1.05222	1.05222	1879.95321	40145.999	39.2946	0.0
1365.0	0.0	1.0	7.57394	7.9851	-0.40137	34.52763	30.80233	1.30298	0.76747	0.0	124.40148	0.0	0.5	7.70776	7.70776	1.03732	1.03732	1884.0769	39949.943	39.2112	0.0
1360.0	0.0	1.0	7.57825	7.98055	-0.45806	34.4951	30.71738	1.30259	0.7677	0.0	124.53727	0.0	0.5	7.79519	7.79519	1.02255	1.02255	1888.2185	39754.302	39.1282	0.0
1355.0	0.0	1.0	7.58256	7.97602	-0.51459	34.46279	30.63243	1.3022	0.76793	0.0	124.67306	0.0	0.5	7.88416	7.88416	1.00792	1.00792	1892.37762	39559.073	39.0458	0.0
1351.89	0.0	1.0	7.58523	7.97321	-0.54968	34.4428	30.57957	1.30196	0.76807	0.0	124.75755	0.0	0.5	7.94031	7.94031	0.99888	0.99888	1894.97405	39437.816	38.97786	0.0
1350.0	0.0458301	0.95417	7.60202	7.95557	-0.7697	33.85902	30.70773	1.29502	0.77219	4.49866E-4	126.26292	1.50516E-4	0.49441	7.97598	8.53763	0.99326	0.92792	1895.32484	38661.595	410.89896	702.658
1345.0	0.15591	0.84409	7.64283	7.91316	-1.2987	32.45988	31.01631	1.27819	0.78236	0.0617263	129.89356	0.0208412	0.48087	8.07289	18.1823	0.97831	0.43437	1896.17049	36788.076	374.7038	2381.764
1340.0	0.24835	0.75165	7.67777	7.87708	-1.7487	31.27904	31.27244	1.2638	0.79126	0.40573	132.97716	0.13806	0.46933	8.17249	67.06746	0.9634	0.1174	1896.94291	35193.785	318.8582	3782.046
1335.0	0.3267	0.6733	7.70798	7.8462	-2.13387	30.2778	31.48571	1.25135	0.79914	1.23647	135.62217	0.42361	0.45943	8.27504	187.78094	0.94851	0.0417986	1897.64406	33822.804	274.1962	4959.419
1330.0	0.39366	0.60634	7.73431	7.81948	-2.4671	29.42061	31.66301	1.24048	0.80614	2.6469	137.91161	0.91218	0.45087	8.38048	401.64274	0.93367	0.0194814	1898.27988	32632.12	238.1368	5956.894
1325.0	0.45134	0.54866	7.75738	7.79615	-2.75809	28.68064	31.81025	1.23088	0.81243	4.63502	139.90929	1.60557	0.44342	8.48865	719.25915	0.91889	0.0108447	1898.85625	31588.294	208.7652	6807.907
1320.0	0.50137	0.49863	7.77782	7.77556	-3.01494	28.03545	31.93134	1.22238	0.81808	7.14141	141.66663	2.48503	0.43689	8.5999	1144.14243	0.90417	0.00679616	1899.38238	30665.079	184.643	7538.704
1315.0	0.54504	0.45496	7.79598	7.75737	-3.24182	27.4738	32.03023	1.21478	0.82319	10.07989	143.22535	3.52164	0.43114	8.71394	1675.98089	0.88954	0.00462497	1899.85117	29841.686	164.6786	8170.07
1310.0	0.58338	0.41662	7.81228	7.74102	-3.44572	26.97594	32.10953	1.20796	0.82784	13.35681	144.61544	4.68321	0.42603	8.8311	2312.48207	0.87497	0.00334141	1900.27771	29101.507	148.0358	8718.609
1305.0	0.61724	0.38276	7.82693	7.72635	-3.62872	26.53643	32.17165	1.20182	0.83207	16.88107	145.86403	5.93783	0.42148	8.95117	3050.94108	0.86051	0.00252465	1900.66017	28431.171	134.0672	9197.693
1300.0	0.64727	0.35273	7.8402	7.71311	-3.79389	26.14674	32.21881	1.19626	0.83594	20.57505	146.99366	7.25794	0.41742	9.07435	3889.69148	0.84614	0.00197398	1901.0008	27819.828	122.2686	9618.168
1295.0	0.67404	0.32596	7.85232	7.70098	-3.94519	25.79564	32.25288	1.1912	0.83949	24.37094	148.01974	8.61925	0.41375	9.20075	4827.37468	0.83186	0.00158549	1901.31132	27258.615	112.2426	9988.895
1290.0	0.69799	0.30201	7.86338	7.6899	-4.08339	25.4812	32.27525	1.18658	0.84276	28.21321	148.95774	10.00156	0.41044	9.33021	5864.12444	0.8177	0.00130102	1901.58766	26740.239	103.6752	10317.162
1285.0	0.71951	0.28049	7.87357	7.67971	-4.21053	25.19775	32.28737	1.18234	0.84578	32.0574	149.81965	11.38858	0.40744	9.46307	7001.15433	0.80364	0.00108624	1901.83453	26258.668	96.3142	10609.002
1280.0	0.73892	0.26108	7.88297	7.67026	-4.32837	24.94028	32.2904	1.17844	0.84858	35.8699	150.61494	12.76783	0.4047	9.59915	8241.00019	0.78971	9.19857E-4	1902.05806	25808.877	89.9582	10869.437
1275.0	0.75649	0.24351	7.89169	7.6615	-4.43761	24.70694	32.28536	1.17483	0.85119	39.62254	151.35254	14.12873	0.4022	9.73864	9587.08151	0.77589	7.88158E-4	1902.25718	25386.66	84.4434	11102.67
1270.0	0.77243	0.22757	7.89981	7.6533	-4.53988	24.4931	32.27313	1.17148	0.85362	43.30048	152.03946	15.46559	0.3999	9.88159	11045.14033	0.7622	6.81905E-4	1902.43922	24988.477	79.6366	11312.239
1265.0	0.78696	0.21304	7.90741	7.64562	-4.63576	24.29716	32.25447	1.16836	0.8559	46.88556	152.68144	16.77143	0.39778	10.02814	12620.3288	0.74863	5.9486E-4	1902.60549	24611.33	75.4294	11501.139
1260.62	0.79862	0.20138	7.91367	7.63927	-4.71488	24.13924	32.23329	1.16579	0.85778	49.93628	153.21058	17.88468	0.39606	10.15946	14100.74048	0.73685	5.30891E-4	1902.74119	24296.562	 	11651.322
1260.0	0.80056	0.19944	7.91459	7.63832	-4.72676	24.11471	32.2313	1.16539	0.85808	50.45585	153.29787	18.07445	0.39578	10.17912	14343.31388	0.73512	5.21701E-4	1903.2928	24247.282	72.8096	11677.306
1255.0	0.8155	0.1845	7.9218	7.63089	-4.81942	23.92562	32.21246	1.16227	0.86038	54.6067	153.97693	19.59234	0.39357	10.33982	16391.9258	0.72134	4.55012E-4	1907.7119	23861.101	77.2362	11875.969
1250.0	0.82887	0.17113	7.92849	7.62394	-4.90608	23.75365	32.18667	1.1594	0.86252	58.55965	154.60291	21.04085	0.39157	10.50376	18582.35434	0.70776	4.00063E-4	1912.10384	23498.261	72.568	12051.653
1245.0	0.84088	0.15912	7.93471	7.61744	-4.98719	23.59759	32.15485	1.15674	0.8645	62.3147	155.18302	22.41944	0.38975	10.67104	20924.01558	0.69438	3.54125E-4	1916.46586	23155.386	68.575	12207.73
1240.0	0.85174	0.14826	7.94054	7.61131	-5.06361	23.45499	32.11775	1.15426	0.86636	65.88002	155.72376	23.73067	0.38808	10.84175	23429.67981	0.68119	3.15212E-4	1920.8019	22829.699	65.1374	12346.976
1235.0	0.86156	0.13844	7.94603	7.60553	-5.13577	23.32462	32.07604	1.15194	0.8681	69.26221	156.23024	24.97657	0.38654	11.01594	26112.68391	0.6682	2.8189E-4	1925.11022	22518.893	62.1612	12471.696
1230.0	0.8705	0.1295	7.95121	7.60001	-5.20456	23.20381	32.03027	1.14976	0.86975	72.47445	156.70692	26.16169	0.38513	11.19376	28990.06877	0.65541	2.53069E-4	1929.39823	22221.044	59.5698	12583.811
1227.48	0.87467	0.12533	7.9537	7.59735	-5.23777	23.14714	32.00567	1.14872	0.87054	74.01689	156.93567	26.73139	0.38446	11.28466	30513.00953	0.64904	2.40036E-4	1931.54832	22075.836	 	12635.615
1225.0	0.87863	0.12137	7.95644	7.59444	-5.27413	23.07954	31.95566	1.14861	0.87062	75.5422	157.14156	27.29588	0.38377	11.38648	32098.60108	0.64217	2.27801E-4	1933.89404	21925.946	59.0196	12693.525
1220.0	0.88613	0.11387	7.96173	7.58878	-5.34462	22.9513	31.8579	1.14829	0.87086	78.50798	157.5412	28.39463	0.38244	11.5951	35475.49443	0.62852	2.05429E-4	1938.61212	21631.85	58.8192	12802.586
1215.0	0.89298	0.10702	7.96673	7.58341	-5.41169	22.83293	31.76148	1.14792	0.87114	81.31494	157.92123	29.43598	0.38122	11.80801	39104.54194	0.61512	1.8574E-4	1943.32032	21348.312	56.7076	12901.435
1210.0	0.89927	0.10073	7.97147	7.57826	-5.47589	22.72278	31.66626	1.1475	0.87146	83.98019	158.28461	30.42607	0.38007	12.0256	43011.76944	0.60196	1.683E-4	1948.02111	21074.095	54.8434	12991.308
1205.0	0.90503	0.0949655	7.97469	7.57199	-5.55414	22.56632	31.43046	1.15222	0.86789	86.57315	158.35006	31.39728	0.37867	12.24785	47218.00878	0.58904	1.52791E-4	1952.57962	20710.10596	72.79781	13073.263
1200.0	0.91037	0.0896334	7.98644	7.56382	-5.65604	22.33182	31.03201	1.16306	0.8598	89.37748	158.23674	32.45996	0.37673	12.47478	52987.25108	0.57637	1.35695E-4	1957.13761	20290.78068	83.86506	13148.194
1195.0	0.91528	0.0847169	7.9974	7.55592	-5.7546	22.10621	30.65542	1.17335	0.85226	92.03088	158.11759	33.4679	0.37491	12.70692	59360.56383	0.56392	1.20714E-4	1961.69013	19884.07184	81.34177	13216.884
1190.0	0.91985	0.0801546	8.00762	7.54826	-5.85011	21.88861	30.29872	1.18313	0.84522	94.54595	157.99571	34.42549	0.3732	12.94408	66401.47925	0.5517	1.07547E-4	1966.24062	19489.05753	79.00286	13280.009
1185.0	0.92408	0.0759206	8.01718	7.54083	-5.94271	21.6787	29.961	1.19237	0.83866	96.93213	157.87361	35.33595	0.37158	13.18635	74180.00438	0.53971	9.59405E-5	1970.78817	19104.90445	76.83062	13338.153
1180.0	0.92802	0.0719799	8.02611	7.53364	-6.03245	21.47641	29.64018	1.20115	0.83254	99.1989	157.75335	36.20258	0.37005	13.43404	82774.46005	0.52795	8.56842E-5	1975.3277	18730.86401	74.80809	13391.828
1175.0	0.93177	0.0682334	8.03465	7.52661	-6.12007	21.27941	29.33175	1.2096	0.82672	101.36507	157.63618	37.03239	0.3686	13.66154	92281.1222	0.51737	7.65927E-5	1979.89694	18362.11631	73.74954	13445.62
1170.0	0.9354	0.0646041	8.04291	7.51975	-6.20563	21.08755	29.03301	1.21783	0.82113	103.45816	157.52453	37.83555	0.36721	13.85871	102817.5476	0.50825	6.85064E-5	1984.49844	17996.22882	73.1775	13501.742
1165.0	0.93884	0.0611612	8.05072	7.51308	-6.28882	20.9019	28.74689	1.22569	0.81587	105.47616	157.41922	38.61105	0.36588	14.05534	114485.1245	0.4994	6.13115E-5	1989.0997	17637.19353	71.80706	13555.983
1160.0	0.94216	0.0578363	8.05809	7.50656	-6.37021	20.72069	28.47693	1.233	0.81103	107.4004	157.32681	39.35212	0.36461	14.26805	127437.3422	0.49025	5.48885E-5	1993.69979	17285.35486	70.36773	13607.791
1155.0	0.94564	0.0543578	8.06509	7.49998	-6.45225	20.53566	28.22806	1.23954	0.80675	107.34094	157.26138	39.36684	0.36334	14.52139	141985.3261	0.48001	4.90927E-5	1998.332	16935.97669	69.87563	13661.705
1150.0	0.94886	0.0511418	8.07167	7.49364	-6.53134	20.35897	27.98936	1.24573	0.80274	109.43637	157.19931	40.17049	0.36215	14.78182	158048.1617	0.4699	4.39489E-5	2002.94981	16595.32968	68.1294	13711.238
1145.0	0.95184	0.0481582	8.07785	7.48752	-6.60776	20.18983	27.7596	1.25163	0.79896	111.36121	157.14103	40.91089	0.36102	15.04976	175790.3627	0.45992	3.93744E-5	2007.55114	16262.64558	66.53682	13756.871
1140.0	0.95462	0.0453847	8.08368	7.48157	-6.68186	20.02705	27.53858	1.25722	0.7954	113.14633	157.08658	41.59934	0.35995	15.32571	195394.0124	0.45004	3.52991E-5	2012.14741	15937.47423	65.03427	13799.02
1135.0	0.9572	0.0427974	8.08919	7.47582	-6.75364	19.87082	27.32572	1.26253	0.79206	114.81286	157.03668	42.2435	0.35894	15.60992	217062.1853	0.44029	3.1663E-5	2016.72431	15619.28643	63.63756	13838.046
1130.0	0.95962	0.0403783	8.0944	7.47023	-6.82339	19.72014	27.1205	1.26757	0.78891	116.37827	156.99127	42.84983	0.35798	15.90262	241018.9715	0.43065	2.84145E-5	2021.29127	15307.60464	62.33636	13874.266
1125.0	0.96189	0.0381112	8.09935	7.46479	-6.89125	19.57468	26.92241	1.27235	0.78595	117.85617	156.9506	43.42329	0.35706	16.20433	267515.2839	0.42112	2.55089E-5	2025.84478	15001.99875	61.12118	13907.957
1120.0	0.96402	0.0359809	8.10405	7.45949	-6.95727	19.43427	26.731	1.27688	0.78316	119.25821	156.915	43.96816	0.35619	16.51545	296833.0388	0.41171	2.29072E-5	2030.37738	14702.07579	59.98459	13939.368
1115.0	0.96602	0.0339768	8.10852	7.45433	-7.02165	19.29828	26.54584	1.28117	0.78054	120.59301	156.88422	44.48764	0.35535	16.83634	329280.088	0.40242	2.05758E-5	2034.89561	14407.47766	58.91963	13968.717
1110.0	0.96791	0.0320858	8.11279	7.44929	-7.08456	19.16625	26.36653	1.28523	0.77807	121.86855	156.85839	44.98469	0.35456	17.16735	365205.5854	0.39324	1.8485E-5	2039.40074	14117.87479	57.92057	13996.201
1105.0	0.9697	0.0302983	8.11687	7.44436	-7.14602	19.03806	26.19273	1.28909	0.77574	123.09214	156.83754	45.46202	0.35379	17.50919	404998.4736	0.38416	1.66085E-5	2043.88631	13832.96396	56.98217	14021.998
1095.0	0.97439	0.0256061	8.12438	7.43396	-7.27571	18.75406	25.85384	1.29651	0.7713	126.25479	156.87783	46.68805	0.35211	18.298	500844.5679	0.36494	1.33327E-5	2052.29669	13241.1631	59.18009	14104.11
1090.0	0.97655	0.0234455	8.12791	7.42889	-7.33903	18.61549	25.69086	1.29996	0.76925	127.75945	156.90375	47.27213	0.35132	18.71631	556863.9794	0.35548	1.19476E-5	2056.44235	12950.90617	58.05139	14142.445
1085.0	0.97852	0.0214842	8.13119	7.42399	-7.40008	18.48379	25.5331	1.3032	0.76734	129.16606	156.93053	47.81886	0.35058	19.14483	618781.7322	0.34624	1.07127E-5	2060.58684	12668.06205	56.56882	14176.869
1080.0	0.98031	0.0196948	8.13432	7.41923	-7.45944	18.35696	25.37977	1.30624	0.76555	130.49199	156.95798	48.33484	0.34988	19.58427	687333.469	0.33723	9.60871E-6	2064.73444	12391.0731	55.39779	14207.912
1075.0	0.98194	0.0180566	8.13731	7.4146	-7.51724	18.23457	25.23059	1.30911	0.76388	131.75219	156.98664	48.82565	0.34921	20.03524	763285.3344	0.32842	8.62061E-6	2068.8809	12119.40064	54.33449	14236.019
1070.0	0.98345	0.0165513	8.14018	7.41008	-7.5736	18.11626	25.08531	1.31181	0.76231	132.95903	157.0168	49.29593	0.34858	20.49767	847488.2566	0.31982	7.73531E-6	2073.02543	11852.58251	53.36363	14261.562
1065.0	0.98484	0.0151622	8.14296	7.40567	-7.62864	18.00163	24.94365	1.31435	0.76083	134.12534	157.0489	49.7505	0.34798	20.97199	940904.3401	0.31142	6.94138E-6	2077.1644	11590.21988	52.47253	14284.853
1060.0	0.98612	0.0138775	8.14563	7.40135	-7.68249	17.89033	24.80543	1.31673	0.75945	135.26092	157.08307	50.19306	0.34741	21.45879	1044600.499	0.30322	6.22896E-6	2081.30207	11331.96303	51.65137	14306.158
1055.0	0.98731	0.0126851	8.14823	7.39712	-7.73523	17.782	24.67046	1.31897	0.75817	136.37633	157.11959	50.62757	0.34686	21.95823	1159785.44	0.29521	5.58928E-6	2085.43719	11077.50806	50.89099	14325.704
1050.0	0.98842	0.0115762	8.15075	7.39298	-7.78694	17.67648	24.53856	1.32107	0.75696	137.4777	157.15851	51.05635	0.34633	22.47102	1287798.211	0.28739	5.01473E-6	2089.57032	10826.5858	50.18445	14343.683
1045.0	0.98946	0.0105411	8.15321	7.38891	-7.83768	17.57352	24.40393	1.32334	0.75566	138.57253	157.20004	51.48224	0.34583	22.99839	1430165.721	0.27974	4.49847E-6	2093.69528	10578.9555	49.52606	14360.268
1040.0	0.99043	0.00957304	8.15561	7.38491	-7.88753	17.47292	24.27753	1.32518	0.75461	139.66366	157.24425	51.90633	0.34534	23.53917	1588587.933	0.27228	4.0345E-6	2097.81397	10334.40373	48.91035	14375.602
1035.0	0.99133	0.00866554	8.15795	7.38098	-7.93655	17.37442	24.15376	1.3269	0.75364	140.75169	157.29117	52.3289	0.34488	24.0953	1764982.435	0.26498	3.61746E-6	2101.93268	10092.74014	48.33272	14389.812
1030.0	0.99219	0.00781309	8.16025	7.37712	-7.98478	17.27799	24.03249	1.3285	0.75273	141.8332	157.34086	52.74868	0.34442	24.66658	1961506.132	0.25785	3.24259E-6	2106.03859	9853.79035	47.78996	14403.009
1025.0	0.99299	0.00701022	8.16251	7.37331	-8.03225	17.18342	23.9136	1.32998	0.75189	142.9016	157.39334	53.16327	0.34399	25.25438	2180585.303	0.25089	2.90562E-6	2110.14088	9617.39872	47.27833	14415.291
1020.0	0.99375	0.00625362	8.16473	7.36956	-8.07904	17.09058	23.7968	1.33136	0.75111	143.94892	157.44862	53.56972	0.34357	25.85801	2424970.265	0.24408	2.60273E-6	2114.23515	9383.42434	46.79488	14426.742
1015.0	0.99446	0.00553891	8.16692	7.36586	-8.12515	16.99938	23.68227	1.33263	0.7504	144.96414	157.50675	53.96395	0.34316	26.47916	2697749.781	0.23744	2.33051E-6	2118.31654	9151.73473	46.33792	14437.438
1010.0	0.99514	0.00486279	8.16908	7.36221	-8.17066	16.90956	23.56986	1.33379	0.74974	145.93804	157.56768	54.34255	0.34276	27.11807	3002428.337	0.23094	2.08589E-6	2122.39852	8922.21279	45.90439	14447.449
1005.0	0.9959	0.00409799	8.17119	7.35863	-8.21537	16.82194	23.46007	1.33481	0.74917	146.87028	157.63187	54.70601	0.34236	27.7816	3344163.208	0.22455	1.86544E-6	2126.4892	8692.84567	45.87342	14458.735
1000.0	0.99741	0.00259004	8.17309	7.35519	-8.25822	16.74072	23.35777	1.33541	0.74883	147.86617	157.70127	55.097	0.34187	28.50823	3735049.334	0.21797	1.66368E-6	2130.73769	8453.51167	47.8668	14481.374
995.0	0.99877	0.001231	8.17497	7.35181	-8.30037	16.66139	23.25684	1.33594	0.74854	149.33402	157.77183	55.66311	0.34141	29.25775	4172034.104	0.21155	1.48357E-6	2134.9776	8217.96307	47.10972	14501.567
990.0	1.0	0.0	8.17683	7.34849	-8.34185	16.5839	23.15782	1.33636	0.7483	150.6112	157.84384	56.15755	0.34097	 	4660955.38	 	1.32272E-6	 	7985.80107	46.4324	14519.67
985.0	1.0	0.0	8.18019	7.34547	-8.37951	16.52077	23.05366	1.33708	0.7479	150.92489	157.88157	56.28682	0.34068	 	5233585.557	 	1.17333E-6	 	8080.06431	-18.85265	 
980.0	1.0	0.0	8.18353	7.34247	-8.41686	16.45819	22.95114	1.33772	0.74754	151.23741	157.92284	56.4155	0.34039	 	5882160.02	 	1.03981E-6	 	7887.6118	38.4905	 
975.0	1.0	0.0	8.18684	7.3395	-8.45392	16.39615	22.85019	1.33827	0.74723	151.54888	157.96758	56.54364	0.34011	 	6617475.117	 	9.20579E-7	 	7696.19645	38.28307	 
970.0	1.0	0.0	8.19013	7.33656	-8.49069	16.3346	22.75075	1.33873	0.74698	151.85942	158.01572	56.67129	0.33983	 	7451964.449	 	8.14216E-7	 	7505.78572	38.08214	 
965.0	1.0	0.0	8.1934	7.33363	-8.52718	16.27354	22.65277	1.33912	0.74676	152.16915	158.06719	56.79851	0.33955	 	8399960.454	 	7.1942E-7	 	7316.34845	37.88745	 
960.0	1.0	0.0	8.19664	7.33073	-8.56339	16.21292	22.55618	1.33942	0.74659	152.47817	158.12191	56.92534	0.33928	 	9478003.844	 	6.35018E-7	 	7127.85471	37.69875	 
955.0	1.0	0.0	8.19987	7.32784	-8.59935	16.15274	22.46096	1.33964	0.74647	152.78659	158.17983	57.05182	0.33902	 	1.070520279E7	 	5.59942E-7	 	6940.27582	37.51578	 
950.0	1.0	0.0	8.20307	7.32498	-8.63505	16.09296	22.36703	1.33979	0.74638	153.0945	158.24089	57.17799	0.33875	 	1.210365734E7	 	4.9323E-7	 	6753.5842	37.33832	 
945.0	1.0	0.0	8.20626	7.32214	-8.6705	16.03357	22.27436	1.33987	0.74634	153.402	158.30502	57.3039	0.3385	 	1.369895548E7	 	4.3401E-7	 	6567.75342	37.16616	 
940.0	1.0	0.0	8.20942	7.31932	-8.7057	15.97454	22.18291	1.33987	0.74634	153.70917	158.37217	57.42957	0.33824	 	1.552075675E7	 	3.81495E-7	 	6382.75803	36.99908	 
935.0	1.0	0.0	8.21257	7.31651	-8.74067	15.91585	22.09264	1.3398	0.74638	154.01609	158.44227	57.55505	0.33799	 	1.760347964E7	 	3.34972E-7	 	6198.57362	36.83688	 
930.0	1.0	0.0	8.21569	7.31373	-8.77541	15.85749	22.0035	1.33966	0.74646	154.32285	158.51529	57.68038	0.33774	 	1.998711026E7	 	2.93803E-7	 	6015.17668	36.67939	 
925.0	1.0	0.0	8.2188	7.31096	-8.80992	15.79943	21.91546	1.33945	0.74657	154.62952	158.59116	57.80557	0.3375	 	2.271815876E7	 	2.5741E-7	 	5832.5446	36.52642	 
920.0	1.0	0.0	8.2219	7.30821	-8.84422	15.74165	21.82849	1.33918	0.74673	154.93616	158.66984	57.93066	0.33726	 	2.585078568E7	 	2.25272E-7	 	5650.65564	36.37779	 
915.0	1.0	0.0	8.22497	7.30548	-8.8783	15.68413	21.74255	1.33883	0.74692	155.24285	158.75128	58.05569	0.33702	 	2.944813427E7	 	1.96925E-7	 	5469.48882	36.23336	 
910.0	1.0	0.0	8.22803	7.30276	-8.91218	15.62686	21.65761	1.33843	0.74714	155.54965	158.83543	58.18067	0.33678	 	3.358391332E7	 	1.71947E-7	 	5289.02398	36.09297	 
905.0	1.0	0.0	8.23107	7.30006	-8.94585	15.56983	21.57364	1.33796	0.74741	155.85661	158.92224	58.30564	0.33655	 	3.834426623E7	 	1.49964E-7	 	5109.24168	35.95646	 
900.0	1.0	0.0	8.2341	7.29738	-8.97932	15.513	21.49061	1.33743	0.7477	156.16381	159.01168	58.43062	0.33632	 	4.382999219E7	 	1.30638E-7	 	4930.12313	35.82371	 
895.0	1.0	0.0	8.23711	7.29471	-9.01259	15.45638	21.4085	1.33684	0.74803	156.47128	159.10371	58.55563	0.33609	 	5.015918922E7	 	1.13667E-7	 	4751.65027	35.69457	 
890.0	1.0	0.0	8.24011	7.29206	-9.04568	15.39993	21.32728	1.33618	0.7484	156.77908	159.19827	58.68069	0.33587	 	5.747039553E7	 	9.87821E-8	 	4573.80564	35.56893	 
885.0	1.0	0.0	8.24309	7.28942	-9.07858	15.34365	21.24692	1.33547	0.7488	157.08726	159.29534	58.80583	0.33564	 	6.59263337E7	 	8.57418E-8	 	4396.57238	35.44665	 
880.0	1.0	0.0	8.24606	7.2868	-9.11131	15.28752	21.1674	1.3347	0.74923	157.39587	159.39487	58.93107	0.33542	 	7.571837972E7	 	7.43312E-8	 	4219.93413	35.32765	 
875.0	1.0	0.0	8.24901	7.28419	-9.14385	15.23152	21.0887	1.33387	0.7497	157.70495	159.49683	59.05642	0.33521	 	8.707190426E7	 	6.43587E-8	 	4043.87514	35.2118	 
870.0	1.0	0.0	8.25195	7.28159	-9.17622	15.17565	21.0108	1.33299	0.75019	158.01455	159.60118	59.18191	0.33499	 	1.00252651E8	 	5.56537E-8	 	3868.38039	35.09895	 
865.0	1.0	0.0	8.25488	7.27901	-9.20842	15.11988	20.93367	1.33205	0.75072	158.32469	159.70789	59.30755	0.33478	 	1.15574406E8	 	4.80645E-8	 	3693.4352	34.98904	 
860.0	1.0	0.0	8.25779	7.27644	-9.24045	15.0642	20.8573	1.33105	0.75128	158.63543	159.81693	59.43336	0.33457	 	1.334081526E8	 	4.14564E-8	 	3519.02537	34.88197	 
855.0	1.0	0.0	8.26069	7.27389	-9.27232	15.00861	20.78167	1.33	0.75188	158.94679	159.92826	59.55936	0.33436	 	1.541931274E8	 	3.57099E-8	 	3345.13714	34.77764	 
850.0	1.0	0.0	8.26358	7.27135	-9.30403	14.95308	20.70676	1.3289	0.7525	159.25881	160.04184	59.68555	0.33415	 	1.784500754E8	 	3.0719E-8	 	3171.75724	34.67598	 
845.0	1.0	0.0	8.26584	7.26936	-9.32882	14.92905	20.64689	1.32682	0.75368	159.58324	160.23544	59.81328	0.33401	 	2.026342374E8	 	2.69323E-8	 	3025.35155	29.28114	 
840.0	1.0	0.0	8.26809	7.26738	-9.35354	14.90503	20.58701	1.32473	0.75487	159.90715	160.42825	59.94084	0.33387	 	2.303587811E8	 	2.3585E-8	 	2876.14508	29.84129	 
835.0	1.0	0.0	8.27034	7.2654	-9.3782	14.881	20.52711	1.32262	0.75607	160.23054	160.62028	60.06823	0.33374	 	2.621798339E8	 	2.06294E-8	 	2727.12688	29.80364	 
830.0	1.0	0.0	8.27259	7.26343	-9.4028	14.85696	20.46721	1.32051	0.75728	160.55341	160.81153	60.19545	0.3336	 	2.987467551E8	 	1.80226E-8	 	2578.29624	29.76613	 
825.0	1.0	0.0	8.27483	7.26146	-9.42734	14.83292	20.40728	1.31839	0.7585	160.87575	161.00201	60.32249	0.33346	 	3.408187412E8	 	1.57262E-8	 	2429.6524	29.72877	 
820.0	1.0	0.0	8.27707	7.2595	-9.45181	14.80888	20.34735	1.31625	0.75973	161.19757	161.19171	60.44936	0.33333	 	3.892845639E8	 	1.37056E-8	 	2281.19458	29.69156	 
815.0	1.0	0.0	8.2793	7.25754	-9.47622	14.78484	20.2874	1.3141	0.76098	161.51886	161.38063	60.57606	0.33319	 	4.451860611E8	 	1.19298E-8	 	2132.92197	29.65452	 
810.0	1.0	0.0	8.28153	7.25559	-9.50057	14.76079	20.22744	1.31194	0.76223	161.83964	161.56879	60.70258	0.33305	 	5.097461344E8	 	1.0371E-8	 	1984.83373	29.61765	 
805.0	1.0	0.0	8.28375	7.25364	-9.52486	14.73674	20.16746	1.30977	0.76349	162.15988	161.75618	60.82893	0.33292	 	5.844021669E8	 	9.00439E-9	 	1836.92896	29.58095	 
800.0	1.0	0.0	8.28597	7.2517	-9.54908	14.71268	20.10747	1.30758	0.76477	162.47961	161.9428	60.95511	0.33278	 	6.708459656E8	 	7.80772E-9	 	1689.20677	29.54444	 
795.0	1.0	0.0	8.28818	7.24976	-9.57325	14.68862	20.04746	1.30539	0.76606	162.79881	162.12866	61.08112	0.33264	 	7.710715735E8	 	6.76121E-9	 	1541.66619	29.50812	 
790.0	1.0	0.0	8.29039	7.24783	-9.59734	14.66456	19.98744	1.30318	0.76736	163.11749	162.31375	61.20695	0.33251	 	8.874325868E8	 	5.84717E-9	 	1394.30623	29.47199	 
785.0	1.0	0.0	8.2926	7.2459	-9.62138	14.64049	19.9274	1.30096	0.76867	163.43565	162.49809	61.3326	0.33237	 	1.022710969E9	 	5.04988E-9	 	1247.12585	29.43608	 
780.0	1.0	0.0	8.2948	7.24398	-9.64536	14.61642	19.86735	1.29872	0.76999	163.75329	162.68166	61.45809	0.33224	 	1.180199793E9	 	4.35533E-9	 	1100.12396	29.40038	 
775.0	1.0	0.0	8.29699	7.24207	-9.66927	14.59235	19.80728	1.29648	0.77132	164.0704	162.86448	61.5834	0.3321	 	1.363802888E9	 	3.7511E-9	 	953.29942	29.36491	 
770.0	1.0	0.0	8.29918	7.24015	-9.69312	14.56827	19.7472	1.29422	0.77267	164.38698	163.04655	61.70853	0.33196	 	1.578155025E9	 	3.22614E-9	 	806.65105	29.32967	 
765.0	1.0	0.0	8.30137	7.23825	-9.71691	14.54419	19.6871	1.29195	0.77403	164.70305	163.22786	61.8335	0.33183	 	1.82876711E9	 	2.77069E-9	 	660.17758	29.29469	 
760.0	1.0	0.0	8.30355	7.23634	-9.74063	14.52011	19.62699	1.28966	0.7754	165.01859	163.40843	61.95829	0.33169	 	2.122201863E9	 	2.37609E-9	 	513.87773	29.25997	 
755.0	1.0	0.0	8.30573	7.23445	-9.76429	14.49602	19.56686	1.28736	0.77678	165.33361	163.58824	62.0829	0.33156	 	2.466286745E9	 	2.0347E-9	 	367.75012	29.22552	 
750.0	1.0	0.0	8.3079	7.23255	-9.78789	14.47193	19.50671	1.28505	0.77818	165.6481	163.76731	62.20734	0.33142	 	2.870372428E9	 	1.73975E-9	 	221.7933	29.19136	 
745.0	1.0	0.0	8.31007	7.23067	-9.81143	14.44783	19.44654	1.28273	0.77959	165.96208	163.94564	62.33161	0.33128	 	3.345647109E9	 	1.48531E-9	 	76.00577	29.15751	 
740.0	1.0	0.0	8.31223	7.22879	-9.83491	14.42373	19.38636	1.28039	0.78101	166.27553	164.12322	62.4557	0.33115	 	3.90551935E9	 	1.26614E-9	 	-69.61407	29.12397	 
735.0	1.0	0.0	8.31439	7.22691	-9.85832	14.39963	19.32616	1.27804	0.78245	166.58845	164.30007	62.57962	0.33101	 	4.566085204E9	 	1.07763E-9	 	-215.06789	29.09076	 
730.0	1.0	0.0	8.31655	7.22504	-9.88167	14.37553	19.26595	1.27568	0.7839	166.90085	164.47617	62.70337	0.33088	 	5.346699174E9	 	9.15729E-10	 	-360.35744	29.05791	 
725.0	1.0	0.0	8.3187	7.22317	-9.90496	14.35142	19.20571	1.2733	0.78536	167.21273	164.65154	62.82694	0.33074	 	6.270673317E9	 	7.76906E-10	 	-505.48459	29.02543	 
720.0	1.0	0.0	8.32084	7.22131	-9.92818	14.3273	19.14546	1.27091	0.78684	167.52409	164.82618	62.95033	0.33061	 	7.366134786E9	 	6.58055E-10	 	-650.45129	28.99334	 
715.0	1.0	0.0	8.32298	7.21945	-9.95134	14.30319	19.08519	1.26851	0.78833	167.83492	165.00008	63.07355	0.33047	 	8.667079637E9	 	5.56464E-10	 	-795.25962	28.96166	 
710.0	1.0	0.0	8.32512	7.2176	-9.97444	14.27907	19.0249	1.26609	0.78984	168.14523	165.17325	63.1966	0.33033	 	1.02147E10	 	4.69767E-10	 	-939.91172	28.93042	 
705.0	1.0	0.0	8.32725	7.21575	-9.99748	14.25494	18.96459	1.26365	0.79136	168.45502	165.3457	63.31947	0.3302	 	1.2058799999999998E10	 	3.95901E-10	 	-1084.40992	28.89964	 
700.0	1.0	0.0	8.32937	7.21391	-10.02045	14.23081	18.90426	1.26121	0.79289	168.76428	165.51742	63.44217	0.33006	 	1.4260199999999998E10	 	3.33073E-10	 	-1228.75664	28.86934	 
695.0	1.0	0.0	8.3315	7.21207	-10.04336	14.20668	18.84391	1.25874	0.79444	169.07302	165.68841	63.56469	0.32993	 	1.6892799999999998E10	 	2.79723E-10	 	-1372.95445	28.83956	 
690.0	1.0	0.0	8.33361	7.21024	-10.06621	14.18255	18.78354	1.25627	0.79601	169.38124	165.85868	63.68704	0.32979	 	2.00465E10	 	2.34499E-10	 	-1517.00607	28.81032	 
685.0	1.0	0.0	8.33572	7.20841	-10.089	14.15841	18.72315	1.25378	0.79759	169.68893	166.02823	63.80921	0.32966	 	2.3831599999999996E10	 	1.96231E-10	 	-1660.91437	28.78166	 
680.0	1.0	0.0	8.33783	7.20659	-10.11172	14.13427	18.66275	1.25127	0.79919	169.9961	166.19706	63.93121	0.32952	 	2.8382699999999996E10	 	1.63906E-10	 	-1804.68242	28.75361	 
675.0	1.0	0.0	8.33993	7.20478	-10.13438	14.11012	18.60232	1.24875	0.8008	170.30275	166.36518	64.05303	0.32939	 	3.3865399999999996E10	 	1.36649E-10	 	-1948.31344	28.7262	 
670.0	1.0	0.0	8.34203	7.20296	-10.15698	14.08597	18.54187	1.24622	0.80243	170.60887	166.53258	64.17468	0.32925	 	4.04829E10	 	1.13709E-10	 	-2091.81086	28.69948	 
665.0	1.0	0.0	8.34412	7.20116	-10.17951	14.06182	18.48139	1.24367	0.80407	170.91447	166.69926	64.29615	0.32912	 	4.848569999999999E10	 	9.44377E-11	 	-2235.17832	28.67349	 
660.0	1.0	0.0	8.34621	7.19936	-10.20199	14.03766	18.4209	1.2411	0.80574	171.21955	166.86524	64.41745	0.32898	 	5.818279999999999E10	 	7.82787E-11	 	-2378.4094	28.64622	 
655.0	1.0	0.0	8.3483	7.19756	-10.2244	14.01351	18.36038	1.23852	0.80742	171.52411	167.0305	64.53857	0.32885	 	6.99567E10	 	6.47554E-11	 	-2521.44683	28.60749	 
650.0	1.0	0.0	8.35037	7.19577	-10.24674	13.98934	18.29984	1.23592	0.80911	171.82814	167.19506	64.65952	0.32871	 	8.42811E10	 	5.346E-11	 	-2664.21468	28.55357	 
645.0	1.0	0.0	8.35245	7.19398	-10.26903	13.96517	18.23928	1.23331	0.81083	172.13164	167.35891	64.78029	0.32858	 	1.01745E11	 	4.40441E-11	 	-2806.71411	28.49989	 
640.0	1.0	0.0	8.35452	7.1922	-10.29125	13.941	18.1787	1.23068	0.81256	172.43463	167.52206	64.90089	0.32845	 	1.23081E11	 	3.62108E-11	 	-2948.9463	28.44644	 
635.0	1.0	0.0	8.35658	7.19042	-10.31341	13.91683	18.11809	1.22804	0.81431	172.73709	167.6845	65.02131	0.32831	 	1.49204E11	 	2.97074E-11	 	-3090.91243	28.39323	 
630.0	1.0	0.0	8.35864	7.18865	-10.3355	13.89265	18.05746	1.22538	0.81608	173.03902	167.84625	65.14155	0.32818	 	1.81256E11	 	2.43194E-11	 	-3232.61367	28.34025	 
625.0	1.0	0.0	8.36069	7.18689	-10.35753	13.86847	17.9968	1.2227	0.81786	173.34044	168.00729	65.26162	0.32804	 	2.20673E11	 	1.98649E-11	 	-3374.05132	28.28753	 
620.0	1.0	0.0	8.36274	7.18512	-10.3795	13.84429	17.93612	1.22001	0.81967	173.64133	168.16764	65.38151	0.32791	 	2.69253E11	 	1.61902E-11	 	-3515.22682	28.2351	 
615.0	1.0	0.0	8.36479	7.18337	-10.40141	13.8201	17.87541	1.2173	0.82149	173.94169	168.3273	65.50123	0.32777	 	3.29264E11	 	1.31652E-11	 	-3656.14122	28.18288	 
610.0	1.0	0.0	8.36683	7.18162	-10.42325	13.7959	17.81468	1.21457	0.82334	174.24153	168.48626	65.62077	0.32764	 	4.0357E11	 	1.06808E-11	 	-3796.79566	28.13089	 
605.0	1.0	0.0	8.36886	7.17987	-10.44503	13.77171	17.75392	1.21183	0.8252	174.54085	168.64453	65.74013	0.32751	 	4.95792E11	 	8.64482E-12	 	-3937.1913	28.07913	 
600.0	1.0	0.0	8.37089	7.17813	-10.46675	13.74751	17.69313	1.20907	0.82708	174.83965	168.80211	65.85932	0.32737	 	6.10525E11	 	6.98026E-12	 	-4077.32931	28.0276	 
595.0	1.0	0.0	8.37292	7.17639	-10.48841	13.72331	17.63232	1.20629	0.82899	175.13792	168.959	65.97833	0.32724	 	7.53615E11	 	5.62253E-12	 	-4217.21083	27.9763	 
590.0	1.0	0.0	8.37494	7.17466	-10.51	13.6991	17.57148	1.20349	0.83091	175.43567	169.1152	66.09716	0.3271	 	9.32512E11	 	4.51771E-12	 	-4356.83703	27.92524	 
585.0	1.0	0.0	8.37695	7.17294	-10.53153	13.67489	17.51061	1.20068	0.83286	175.73289	169.27072	66.21582	0.32697	 	1.15674E12	 	3.62087E-12	 	-4496.20905	27.8744	 
580.0	1.0	0.0	8.37896	7.17121	-10.55299	13.65068	17.44972	1.19785	0.83483	176.02959	169.42556	66.3343	0.32684	 	1.43852E12	 	2.89464E-12	 	-4635.32805	27.8238	 
575.0	1.0	0.0	8.38097	7.1695	-10.5744	13.62646	17.38879	1.195	0.83682	176.32577	169.57972	66.45261	0.3267	 	1.79355E12	 	2.30805E-12	 	-4774.19517	27.77343	 
570.0	1.0	0.0	8.38297	7.16779	-10.59574	13.60224	17.32784	1.19214	0.83883	176.62142	169.7332	66.57074	0.32657	 	2.24205E12	 	1.83546E-12	 	-4912.81156	27.72328	 
565.0	1.0	0.0	8.38497	7.16608	-10.61701	13.57801	17.26685	1.18925	0.84086	176.91655	169.886	66.68869	0.32644	 	2.81018E12	 	1.45571E-12	 	-5051.17836	27.67336	 
560.0	1.0	0.0	8.38696	7.16438	-10.63823	13.55379	17.20584	1.18635	0.84292	177.21116	170.03812	66.80646	0.3263	 	3.53184E12	 	1.15136E-12	 	-5189.29672	27.62367	 
555.0	1.0	0.0	8.38894	7.16269	-10.65938	13.52955	17.14479	1.18343	0.845	177.50524	170.18957	66.92406	0.32617	 	4.45108E12	 	9.08093E-13	 	-5327.16776	27.57421	 
550.0	1.0	0.0	8.39092	7.16099	-10.68046	13.50532	17.08372	1.18049	0.84711	177.7988	170.34035	67.04148	0.32604	 	5.62536E12	 	7.14192E-13	 	-5464.79264	27.52498	 
545.0	1.0	0.0	8.3929	7.15931	-10.70149	13.48108	17.02261	1.17753	0.84923	178.09184	170.49045	67.15873	0.3259	 	7.12982E12	 	5.60068E-13	 	-5602.17247	27.47597	 
540.0	1.0	0.0	8.39487	7.15763	-10.72245	13.45684	16.96146	1.17456	0.85139	178.38435	170.63989	67.27579	0.32577	 	9.06302E12	 	4.3791E-13	 	-5739.3084	27.42719	 
535.0	1.0	0.0	8.39683	7.15595	-10.74335	13.43259	16.90029	1.17156	0.85356	178.67633	170.78866	67.39268	0.32564	 	1.15546E13	 	3.41368E-13	 	-5876.20155	27.37863	 
530.0	1.0	0.0	8.39879	7.15428	-10.76418	13.40834	16.83908	1.16854	0.85577	178.9678	170.93676	67.50939	0.3255	 	1.47759E13	 	2.65296E-13	 	-6012.85304	27.3303	 
525.0	1.0	0.0	8.40075	7.15262	-10.78496	13.38409	16.77784	1.16551	0.858	179.25873	171.0842	67.62593	0.32537	 	1.89534E13	 	2.05534E-13	 	-6149.264	27.28219	 
520.0	1.0	0.0	8.4027	7.15096	-10.80566	13.35983	16.71656	1.16245	0.86025	179.54915	171.23098	67.74228	0.32524	 	2.43885E13	 	1.58729E-13	 	-6285.43555	27.23431	 
515.0	1.0	0.0	8.40465	7.1493	-10.82631	13.33557	16.65524	1.15938	0.86253	179.83904	171.3771	67.85846	0.3251	 	3.14828E13	 	1.22186E-13	 	-6421.3688	27.18665	 
510.0	1.0	0.0	8.40659	7.14765	-10.84689	13.31131	16.59389	1.15628	0.86484	180.12841	171.52255	67.97447	0.32497	 	4.07733E13	 	9.37466E-14	 	-6557.06487	27.13921	 
505.0	1.0	0.0	8.40852	7.14601	-10.86741	13.28704	16.5325	1.15316	0.86718	180.41725	171.66735	68.09029	0.32484	 	5.29813E13	 	7.16849E-14	 	-6692.52485	27.092	 
500.0	1.0	0.0	8.41045	7.14437	-10.88787	13.26277	16.47108	1.15003	0.86955	180.70557	171.81149	68.20594	0.32471	 	6.9078E13	 	5.46274E-14	 	-6827.74988	27.04501	 
495.0	1.0	0.0	8.41238	7.14273	-10.90826	13.23849	16.40961	1.14687	0.87194	180.99336	171.95498	68.3214	0.32457	 	9.03769E13	 	4.14835E-14	 	-6962.74104	26.99823	 
490.0	1.0	0.0	8.4143	7.1411	-10.92859	13.21421	16.34811	1.14369	0.87436	181.28063	172.09782	68.43669	0.32444	 	1.1866E14	 	3.139E-14	 	-7097.49943	26.95168	 
485.0	1.0	0.0	8.41621	7.13948	-10.94886	13.18993	16.28656	1.14049	0.87682	181.56738	172.24	68.55181	0.32431	 	1.56355E14	 	2.36663E-14	 	-7232.02615	26.90534	 
480.0	1.0	0.0	8.41812	7.13786	-10.96906	13.16565	16.22498	1.13727	0.8793	181.8536	172.38154	68.66674	0.32418	 	2.0678E14	 	1.7777E-14	 	-7366.32229	26.85923	 
475.0	1.0	0.0	8.42003	7.13624	-10.9892	13.14136	16.16335	1.13403	0.88181	182.1393	172.52242	68.7815	0.32404	 	2.7449099999999997E14	 	1.33029E-14	 	-7500.38895	26.81333	 
470.0	1.0	0.0	8.42193	7.13463	-11.00928	13.11706	16.10168	1.13076	0.88436	182.42447	172.66266	68.89607	0.32391	 	3.65767E14	 	9.91651E-15	 	-7634.22719	26.76765	 
465.0	1.0	0.0	8.42382	7.13303	-11.02929	13.09277	16.03997	1.12748	0.88694	182.70912	172.80226	69.01047	0.32378	 	4.89293E14	 	7.36313E-15	 	-7767.83811	26.72218	 
460.0	1.0	0.0	8.42571	7.13143	-11.04924	13.06847	15.97821	1.12417	0.88955	182.99325	172.94121	69.12469	0.32365	 	6.57139E14	 	5.44531E-15	 	-7901.22277	26.67693	 
455.0	1.0	0.0	8.42759	7.12983	-11.06913	13.04416	15.91641	1.12084	0.89219	183.27685	173.07952	69.23874	0.32351	 	8.86144E14	 	4.01055E-15	 	-8034.38226	26.6319	 
450.0	1.0	0.0	8.42947	7.12825	-11.08895	13.01986	15.85456	1.11748	0.89487	183.55992	173.21719	69.3526	0.32338	 	1.1999E15	 	2.9415E-15	 	-8167.31762	26.58707	 
445.0	1.0	0.0	8.43135	7.12666	-11.10871	12.99555	15.79267	1.1141	0.89758	183.84247	173.35422	69.46628	0.32325	 	1.63163E15	 	2.14822E-15	 	-8300.02993	26.54246	 
440.0	1.0	0.0	8.43322	7.12508	-11.1284	12.97123	15.73072	1.1107	0.90033	184.1245	173.49062	69.57979	0.32312	 	2.22828E15	 	1.56206E-15	 	-8432.52024	26.49806	 
435.0	1.0	0.0	8.43508	7.12351	-11.14804	12.94691	15.66873	1.10728	0.90311	184.406	173.62638	69.69312	0.32299	 	3.05653E15	 	1.13079E-15	 	-8564.7896	26.45387	 
430.0	1.0	0.0	8.43694	7.12194	-11.16761	12.92259	15.60669	1.10383	0.90593	184.68698	173.7615	69.80626	0.32285	 	4.21153E15	 	8.14883E-16	 	-8696.83906	26.40989	 
425.0	1.0	0.0	8.43879	7.12038	-11.18711	12.89827	15.5446	1.10036	0.90879	184.96743	173.89599	69.91923	0.32272	 	5.82968E15	 	5.84509E-16	 	-8828.66951	26.36609	 
420.0	1.0	0.0	8.44064	7.11882	-11.20655	12.87394	15.48245	1.09687	0.91169	185.24736	174.02985	70.03202	0.32259	 	8.10749E15	 	4.1728E-16	 	-8960.28221	26.32254	 
415.0	1.0	0.0	8.44248	7.11726	-11.22593	12.84961	15.42025	1.09335	0.91462	185.52677	174.16308	70.14463	0.32246	 	1.13295E16	 	2.96456E-16	 	-9091.67759	26.27908	 
410.0	1.0	0.0	8.44432	7.11571	-11.24525	12.82527	15.358	1.0898	0.9176	185.80565	174.29569	70.25706	0.32233	 	1.59096E16	 	2.09576E-16	 	-9222.85583	26.23565	 
405.0	1.0	0.0	8.44615	7.11417	-11.2645	12.80093	15.29569	1.08623	0.92061	186.084	174.42766	70.36931	0.3222	 	2.24536E16	 	1.4741E-16	 	-9353.81708	26.19225	 
400.0	1.0	0.0	8.44798	7.11263	-11.28369	12.77659	15.23333	1.08264	0.92367	186.36183	174.55902	70.48139	0.32206	 	3.18518E16	 	1.03149E-16	 	-9484.56151	26.14889	 
395.0	1.0	0.0	8.4498	7.1111	-11.30281	12.75224	15.1709	1.07902	0.92677	186.63914	174.68974	70.59328	0.32193	 	4.54207E16	 	7.17971E-17	 	-9615.08929	26.10556	 
390.0	1.0	0.0	8.45161	7.10957	-11.32188	12.72789	15.10842	1.07537	0.92991	186.91592	174.81985	70.70499	0.3218	 	6.51176E16	 	4.9705E-17	 	-9745.40055	26.06225	 
385.0	1.0	0.0	8.45343	7.10805	-11.34087	12.70354	15.04588	1.0717	0.9331	187.19217	174.94934	70.81653	0.32167	 	9.38685E16	 	3.42209E-17	 	-9875.49544	26.01898	 
380.0	1.0	0.0	8.45523	7.10653	-11.35981	12.67918	14.98327	1.068	0.93633	187.4679	175.0782	70.92788	0.32154	 	1.36073E17	 	2.34275E-17	 	-10005.3741	25.97573	 
375.0	1.0	0.0	8.45703	7.10502	-11.37868	12.65482	14.92061	1.06428	0.9396	187.74311	175.20645	71.03905	0.32141	 	1.98387E17	 	1.59459E-17	 	-10135.03665	25.93251	 
370.0	1.0	0.0	8.45883	7.10351	-11.39749	12.63045	14.85787	1.06053	0.94293	188.01779	175.33408	71.15005	0.32128	 	2.90939E17	 	1.07894E-17	 	-10264.48321	25.88931	 
365.0	1.0	0.0	8.46062	7.10201	-11.41623	12.60609	14.79507	1.05675	0.9463	188.29194	175.4611	71.26086	0.32115	 	4.29234E17	 	7.2563E-18	 	-10393.71388	25.84613	 
360.0	1.0	0.0	8.4624	7.10051	-11.43491	12.58171	14.73221	1.05294	0.94972	188.56557	175.58751	71.37149	0.32101	 	6.37169E17	 	4.84997E-18	 	-10522.72877	25.80298	 
355.0	1.0	0.0	8.46418	7.09902	-11.45353	12.55734	14.66927	1.04911	0.95319	188.83868	175.7133	71.48195	0.32088	 	9.518E17	 	3.2211E-18	 	-10651.52797	25.75984	 
350.0	1.0	0.0	8.46595	7.09753	-11.47208	12.53296	14.60626	1.04525	0.95671	189.11125	175.83848	71.59222	0.32075	 	1.43098E18	 	2.12542E-18	 	-10780.11157	25.71672	 
345.0	1.0	0.0	8.46772	7.09605	-11.49057	12.50858	14.54318	1.04136	0.96028	189.38331	175.96306	71.70231	0.32062	 	2.16565E18	 	1.39313E-18	 	-10908.47963	25.67361	 
340.0	1.0	0.0	8.46949	7.09457	-11.50899	12.48419	14.48002	1.03744	0.96391	189.65484	176.08702	71.81222	0.32049	 	3.29971E18	 	9.06938E-19	 	-11036.63221	25.63052	 
335.0	1.0	0.0	8.47124	7.0931	-11.52736	12.4598	14.41679	1.03349	0.96759	189.92584	176.21038	71.92195	0.32036	 	5.06257E18	 	5.86309E-19	 	-11164.56936	25.58743	 
330.0	1.0	0.0	8.473	7.09163	-11.54565	12.43541	14.35348	1.02952	0.97133	190.19632	176.33314	72.0315	0.32023	 	7.82255E18	 	3.76325E-19	 	-11292.29113	25.54435	 
325.0	1.0	0.0	8.47474	7.09017	-11.56389	12.41101	14.29009	1.02551	0.97512	190.46627	176.45529	72.14087	0.3201	 	1.21755E19	 	2.39779E-19	 	-11419.79755	25.50128	 
320.0	1.0	0.0	8.47648	7.08871	-11.58206	12.38661	14.22662	1.02148	0.97897	190.7357	176.57684	72.25006	0.31997	 	1.90924E19	 	1.51632E-19	 	-11547.08862	25.45821	 
315.0	1.0	0.0	8.47822	7.08726	-11.60016	12.3622	14.16306	1.01741	0.98289	191.0046	176.69779	72.35907	0.31984	 	3.01689E19	 	9.51514E-20	 	-11674.16435	25.41515	 
310.0	1.0	0.0	8.47995	7.08581	-11.61821	12.3378	14.09942	1.01332	0.98686	191.27298	176.81814	72.4679	0.31971	 	4.80469E19	 	5.92382E-20	 	-11801.02472	25.37208	 
305.0	1.0	0.0	8.48168	7.08437	-11.63619	12.31339	14.03569	1.00919	0.99089	191.54083	176.93789	72.57654	0.31958	 	7.71376E19	 	3.65815E-20	 	-11927.66973	25.329	 
300.0	1.0	0.0	8.4834	7.08294	-11.6541	12.28897	13.97186	1.00503	0.99499	191.80815	177.05704	72.68501	0.31945	 	1.2486899999999998E20	 	2.24027E-20	 	-12054.09932	25.28592	 
295.0	1.0	0.0	8.48511	7.0815	-11.67195	12.26455	13.90794	1.00084	0.99916	192.07495	177.1756	72.79329	0.31932	 	2.03856E20	 	1.36027E-20	 	-12180.31343	25.24282	 
290.0	1.0	0.0	8.48682	7.08008	-11.68974	12.24013	13.84393	0.99662	1.00339	192.34123	177.29357	72.90139	0.31919	 	3.35718E20	 	8.18721E-21	 	-12306.31202	25.19972	 
285.0	1.0	0.0	8.48852	7.07866	-11.70747	12.2157	13.77982	0.99237	1.00769	192.60698	177.41094	73.00931	0.31906	 	5.5783599999999993E20	 	4.8835E-21	 	-12432.09497	25.15659	 
280.0	1.0	0.0	8.49022	7.07724	-11.72513	12.19127	13.71561	0.98808	1.01206	192.8722	177.52773	73.11705	0.31893	 	9.354589999999999E20	 	2.88606E-21	 	-12557.6622	25.11344	 
275.0	1.0	0.0	8.49192	7.07583	-11.74272	12.16684	13.65129	0.98377	1.0165	193.13689	177.64392	73.22461	0.3188	 	1.5835800000000001E21	 	1.68946E-21	 	-12683.01358	25.07028	 
270.0	1.0	0.0	8.4936	7.07442	-11.76025	12.1424	13.58687	0.97941	1.02102	193.40106	177.75953	73.33198	0.31867	 	2.7068400000000003E21	 	9.79362E-22	 	-12808.14897	25.02708	 
265.0	1.0	0.0	8.49528	7.07302	-11.77772	12.11796	13.52233	0.97503	1.02561	193.66471	177.87455	73.43918	0.31854	 	4.67319E21	 	5.62053E-22	 	-12933.06821	24.98385	 
260.0	1.0	0.0	8.49696	7.07163	-11.79513	12.09352	13.45769	0.97061	1.03028	193.92783	177.98898	73.54619	0.31841	 	8.151E21	 	3.19246E-22	 	-13057.77113	24.94058	 
255.0	1.0	0.0	8.49863	7.07024	-11.81247	12.06907	13.39293	0.96616	1.03503	194.19042	178.10283	73.65302	0.31828	 	1.4367599999999998E22	 	1.79416E-22	 	-13182.25751	24.89728	 
250.0	1.0	0.0	8.5003	7.06885	-11.82974	12.04462	13.32804	0.96167	1.03986	194.45249	178.21609	73.75967	0.31815	 	2.56013E22	 	9.97359E-23	 	-13306.52714	24.85393	 
245.0	1.0	0.0	8.50196	7.06747	-11.84696	12.02017	13.26304	0.95715	1.04477	194.71403	178.32878	73.86613	0.31802	 	4.61298E22	 	5.48228E-23	 	-13430.57977	24.81052	 
240.0	1.0	0.0	8.50361	7.0661	-11.86411	11.99571	13.19791	0.95259	1.04977	194.97504	178.44088	73.97242	0.31789	 	8.40784E22	 	2.97884E-23	 	-13554.41513	24.76707	 
235.0	1.0	0.0	8.50526	7.06473	-11.88119	11.97125	13.13265	0.94799	1.05486	195.23553	178.55241	74.07852	0.31776	 	1.55067E23	 	1.59941E-23	 	-13678.0329	24.72355	 
230.0	1.0	0.0	8.5069	7.06336	-11.89821	11.94678	13.06725	0.94336	1.06004	195.49549	178.66335	74.18444	0.31763	 	2.8949099999999998E23	 	8.48299E-24	 	-13801.43278	24.67998	 
225.0	1.0	0.0	8.50854	7.06201	-11.91517	11.92231	13.00172	0.9387	1.06531	195.75492	178.77372	74.29017	0.3175	 	5.47261E23	 	4.44275E-24	 	-13924.6144	24.63632	 
220.0	1.0	0.0	8.51017	7.06065	-11.93206	11.89784	12.93604	0.93399	1.07067	196.01383	178.88352	74.39573	0.31737	 	1.048E24	 	2.2967E-24	 	-14047.57739	24.5926	 
215.0	1.0	0.0	8.5118	7.0593	-11.94889	11.87337	12.87022	0.92925	1.07613	196.27221	178.99274	74.5011	0.31724	 	2.0338100000000002E24	 	1.17147E-24	 	-14170.32133	24.54879	 
210.0	1.0	0.0	8.51342	7.05796	-11.96566	11.84889	12.80424	0.92447	1.0817	196.53007	179.10139	74.60629	0.31711	 	4.00145E24	 	5.8932E-25	 	-14292.84575	24.50488	 
205.0	1.0	0.0	8.51503	7.05662	-11.98236	11.8244	12.73811	0.91966	1.08736	196.7874	179.20947	74.71129	0.31699	 	7.98495E24	 	2.92266E-25	 	-14415.1502	24.46089	 
200.0	1.0	0.0	8.51664	7.05528	-11.99899	11.79992	12.67182	0.9148	1.09314	197.0442	179.31698	74.81611	0.31686	 	1.6168400000000001E25	 	1.42829E-25	 	-14537.23413	24.41679	 
195.0	1.0	0.0	8.51825	7.05396	-12.01557	11.77543	12.60536	0.9099	1.09902	197.30048	179.42391	74.92075	0.31673	 	3.3236E25	 	6.87484E-26	 	-14659.09699	24.37257	 
190.0	1.0	0.0	8.51985	7.05263	-12.03207	11.75093	12.53873	0.90497	1.10501	197.55623	179.53029	75.02521	0.3166	 	6.939150000000001E25	 	3.25763E-26	 	-14780.73819	24.32824	 
185.0	1.0	0.0	8.52144	7.05131	-12.04852	11.72643	12.47192	0.9	1.11112	197.81145	179.63609	75.12948	0.31647	 	1.4722500000000002E26	 	1.51884E-26	 	-14902.15708	24.28378	 
180.0	1.0	0.0	8.52303	7.05	-12.0649	11.70193	12.40493	0.89498	1.11734	198.06614	179.74133	75.23357	0.31634	 	3.1759000000000004E26	 	6.96405E-27	 	-15023.35295	24.23917	 
175.0	1.0	0.0	8.52461	7.04869	-12.08121	11.67743	12.33774	0.88993	1.12369	198.32031	179.84601	75.33748	0.31621	 	6.9695E26	 	3.1384E-27	 	-15144.3251	24.19443	 
170.0	1.0	0.0	8.52619	7.04739	-12.09747	11.65292	12.27036	0.88483	1.13016	198.57395	179.95012	75.4412	0.31608	 	1.5568199999999998E27	 	1.38931E-27	 	-15265.07272	24.14952	 
165.0	1.0	0.0	8.52776	7.04609	-12.11365	11.62841	12.20278	0.87969	1.13676	198.82707	180.05367	75.54474	0.31596	 	3.54195E27	 	6.03763E-28	 	-15385.59497	24.10445	 
160.0	1.0	0.0	8.52932	7.0448	-12.12978	11.60389	12.13498	0.87451	1.1435	199.07966	180.15667	75.6481	0.31583	 	8.21275E27	 	2.57417E-28	 	-15505.89095	24.0592	 
155.0	1.0	0.0	8.53088	7.04351	-12.14584	11.57937	12.06697	0.86929	1.15037	199.33172	180.2591	75.75127	0.3157	 	1.94207E28	 	1.07601E-28	 	-15625.95971	24.01375	 
150.0	1.0	0.0	8.53243	7.04223	-12.16183	11.55485	11.99873	0.86402	1.15738	199.58325	180.36098	75.85426	0.31557	 	4.68678E28	 	4.40663E-29	 	-15745.80023	23.9681	 
145.0	1.0	0.0	8.53398	7.04095	-12.17776	11.53032	11.93025	0.85871	1.16453	199.83426	180.4623	75.95706	0.31544	 	1.1551400000000002E29	 	1.76679E-29	 	-15865.41142	23.92224	 
140.0	1.0	0.0	8.53552	7.03968	-12.19363	11.50579	11.86153	0.85336	1.17184	200.08473	180.56306	76.05968	0.31531	 	2.90989E29	 	6.92976E-30	 	-15984.79212	23.87614	 
135.0	1.0	0.0	8.53706	7.03841	-12.20943	11.48126	11.79256	0.84796	1.17929	200.33469	180.66327	76.16212	0.31519	 	7.49806E29	 	2.65679E-30	 	-16103.94109	23.82979	 
130.0	1.0	0.0	8.53859	7.03715	-12.22517	11.45672	11.72333	0.84252	1.18691	200.58411	180.76293	76.26437	0.31506	 	1.97796E30	 	9.948E-31	 	-16222.85702	23.78319	 
125.0	1.0	0.0	8.54012	7.03589	-12.24084	11.43218	11.65382	0.83704	1.19469	200.83301	180.86204	76.36643	0.31493	 	5.346479999999999E30	 	3.63468E-31	 	-16341.5385	23.7363	 
120.0	1.0	0.0	8.54163	7.03464	-12.25645	11.40764	11.58402	0.83151	1.20264	201.08138	180.96059	76.46832	0.3148	 	1.48218E31	 	1.29462E-31	 	-16459.98405	23.68911	 
115.0	1.0	0.0	8.54315	7.0334	-12.272	11.38309	11.51394	0.82593	1.21076	201.32922	181.0586	76.57002	0.31467	 	4.2183699999999995E31	 	4.49098E-32	 	-16578.19207	23.64161	 
110.0	1.0	0.0	8.54466	7.03216	-12.28748	11.35854	11.44354	0.8203	1.21906	201.57653	181.15606	76.67153	0.31455	 	1.2337999999999999E32	 	1.5157E-32	 	-16696.16089	23.59376	 
105.0	1.0	0.0	8.54616	7.03092	-12.3029	11.33398	11.37282	0.81463	1.22755	201.82332	181.25297	76.77286	0.31442	 	3.71251E32	 	4.97145E-33	 	-16813.88869	23.54556	 
100.0	1.0	0.0	8.54765	7.02969	-12.31825	11.30942	11.30177	0.80892	1.23622	202.06958	181.34933	76.87401	0.31429	 	1.15057E33	 	1.58291E-33	 	-16931.37356	23.49697	 
95.0	1.0	0.0	8.54915	7.02846	-12.33354	11.28486	11.23038	0.80315	1.2451	202.31531	181.44516	76.97497	0.31416	 	3.67707E33	 	4.88663E-34	 	-17048.61345	23.44798	 
90.0	1.0	0.0	8.55063	7.02724	-12.34876	11.2603	11.15861	0.79734	1.25417	202.56051	181.54043	77.07574	0.31404	 	1.2133500000000002E34	 	1.46079E-34	 	-17165.6062	23.39855	 
85.0	1.0	0.0	8.55211	7.02603	-12.36392	11.23573	11.08647	0.79148	1.26346	202.80518	181.63517	77.17633	0.31391	 	4.1394900000000002E34	 	4.22284E-35	 	-17282.34947	23.34865	 
80.0	1.0	0.0	8.55358	7.02482	-12.37901	11.21115	11.01393	0.78557	1.27297	203.04933	181.72936	77.27673	0.31378	 	1.4621699999999998E35	 	1.17882E-35	 	-17398.84082	23.29827	 
75.0	1.0	0.0	8.55505	7.02361	-12.39404	11.18658	10.94098	0.77961	1.2827	203.29295	181.82302	77.37695	0.31365	 	5.35542E35	 	3.17293E-36	 	-17515.07758	23.24735	 
70.0	1.0	0.0	8.55651	7.02241	-12.40901	11.162	10.86759	0.7736	1.29266	203.53604	181.91614	77.47699	0.31353	 	2.03712E36	 	8.22154E-37	 	-17631.05695	23.19587	 
65.0	1.0	0.0	8.55797	7.02122	-12.42391	11.13741	10.79375	0.76754	1.30286	203.7786	182.00872	77.57684	0.3134	 	8.06121E36	 	2.04737E-37	 	-17746.77595	23.1438	 
60.0	1.0	0.0	8.55942	7.02003	-12.43875	11.11282	10.71943	0.76144	1.31331	204.02064	182.10076	77.6765	0.31327	 	3.32441E37	 	4.89116E-38	 	-17862.23135	23.09108	 
55.0	1.0	0.0	8.56086	7.01884	-12.45352	11.08823	10.64461	0.75528	1.32401	204.26215	182.19226	77.77598	0.31314	 	1.4314599999999999E38	 	1.11887E-38	 	-17977.41974	23.03768	 
50.0	1.0	0.0	8.5623	7.01766	-12.46823	11.06364	10.56926	0.74908	1.33498	204.50312	182.28324	77.87527	0.31302	 	6.4486099999999995E38	 	2.44582E-39	 	-18092.33746	22.98355	 
45.0	1.0	0.0	8.56373	7.01649	-12.48287	11.03904	10.49337	0.74282	1.34622	204.74357	182.37368	77.97438	0.31289	 	3.0457900000000004E39	 	5.09823E-40	 	-18206.98062	22.92863	 
40.0	1.0	0.0	8.56516	7.01532	-12.49745	11.01444	10.41689	0.73651	1.35775	204.98349	182.46359	78.0733	0.31276	 	1.51169E40	 	1.01106E-40	 	-18321.34501	22.87288	 
35.0	1.0	0.0	8.56658	7.01416	-12.51196	10.98983	10.3398	0.73016	1.36957	205.22289	182.55296	78.17203	0.31264	 	7.90325E40	 	1.90302E-41	 	-18435.42616	22.81623	 
30.0	1.0	0.0	8.568	7.013	-12.52641	10.96522	10.26206	0.72375	1.38169	205.46175	182.64181	78.27058	0.31251	 	4.36359E41	 	3.39079E-42	 	-18549.21929	22.75862	 
25.0	1.0	0.0	8.5694	7.01185	-12.5408	 	10.18365	0.71729	1.39413	205.70009	182.73013	78.36895	0.31238	 	2.55135E42	 	5.70363E-43	 	-18662.71923	 	 
