T (C)	Fraction solid (wt)-TOTAL	Fraction liquid (wt)-LIQUID	Density (g/(cm)^3)-TOTAL	Molar volume (cm^3)-TOTAL	Volume change (%)-  	Average expansion coeff. (10e-6 1/K)-  	Thermal conductivity (W/(m*K))-TOTAL	Electrical resistivity (10e-6 Ohm*m)-TOTAL	Electrical conductivity (10e6 1/(Ohm*m))-TOTAL	Young's modulus (GPa)-TOTAL	Bulk modulus (GPa)-TOTAL	Shear modulus(GPa)-TOTAL	Poisson's ratio-TOTAL	Liquid viscosity (mPa s)-  	Total viscosity (mPa s)-  	Liquid diffusivity (10e-9 (m^2)/s)-  	Total diffusivity (10e-9 (m^2)/s)-  	Surface Tension (mN/m)-  	Enthalpy (J/mole)-TOTAL	Specific heat (J/(mole K))-TOTAL	Latent heat (J/mole)-TOTAL
1400.0	0.0	1.0	7.29255	7.96677	0.0	28.1293	26.91773	1.52287	0.65666	0.0	120.74127	0.0	0.49999	8.59225	8.59225	0.95042	0.95042	1758.98844	54091.204	 	0.0
1395.0	0.0	1.0	7.29632	7.96265	-0.0516475	28.09172	26.84051	1.52269	0.65673	0.0	120.90873	0.0	0.49999	8.68449	8.68449	0.93751	0.93751	1761.15139	53885.044	41.232	0.0
1390.0	0.0	1.0	7.30008	7.95855	-0.10314	28.05428	26.76328	1.5225	0.65681	0.0	121.0762	0.0	0.49999	8.77828	8.77828	0.92472	0.92472	1763.3286	53679.373	41.1342	0.0
1385.0	0.0	1.0	7.30383	7.95446	-0.15449	28.01698	26.68605	1.52232	0.65689	0.0	121.24367	0.0	0.49999	8.87366	8.87366	0.91203	0.91203	1765.52014	53474.187	41.0372	0.0
1380.0	0.0	1.0	7.30758	7.95038	-0.20568	27.97982	26.60883	1.52213	0.65697	0.0	121.41113	0.0	0.49999	8.97066	8.97066	0.89945	0.89945	1767.72607	53269.483	40.9408	0.0
1375.0	0.0	1.0	7.31132	7.94631	-0.25671	27.9428	26.5316	1.52195	0.65705	0.0	121.5786	0.0	0.49999	9.06932	9.06932	0.88697	0.88697	1769.94641	53065.259	40.8448	0.0
1370.0	0.0	1.0	7.31505	7.94226	-0.3076	27.90593	26.45437	1.52176	0.65713	0.0	121.74607	0.0	0.49999	9.16968	9.16968	0.8746	0.8746	1772.1812	52861.511	40.7496	0.0
1365.0	0.0	1.0	7.31878	7.93822	-0.35833	27.86921	26.37715	1.52157	0.65722	0.0	121.91353	0.0	0.49999	9.27176	9.27176	0.86234	0.86234	1774.43047	52658.237	40.6548	0.0
1360.0	0.0	1.0	7.32249	7.93419	-0.40892	27.83264	26.29992	1.52138	0.6573	0.0	122.081	0.0	0.49999	9.37563	9.37563	0.85018	0.85018	1776.69422	52455.435	40.5604	0.0
1355.0	0.0	1.0	7.3262	7.93017	-0.45934	27.79622	26.22269	1.52119	0.65738	0.0	122.24846	0.0	0.49999	9.4813	9.4813	0.83813	0.83813	1778.97247	52253.101	40.4668	0.0
1350.0	0.0	1.0	7.32991	7.92616	-0.50962	27.75996	26.14547	1.521	0.65746	0.0	122.41593	0.0	0.49999	9.58883	9.58883	0.82619	0.82619	1781.26521	52051.233	40.3736	0.0
1345.0	0.0	1.0	7.3336	7.92217	-0.55975	27.72384	26.06824	1.5208	0.65755	0.0	122.5834	0.0	0.49999	9.69825	9.69825	0.81435	0.81435	1783.57244	51849.828	40.281	0.0
1340.0	0.0	1.0	7.33729	7.91819	-0.60972	27.68789	25.99101	1.52061	0.65763	0.0	122.75086	0.0	0.49999	9.80961	9.80961	0.80262	0.80262	1785.89413	51648.884	40.1888	0.0
1335.0	0.0	1.0	7.34097	7.91422	-0.65954	27.65209	25.91379	1.52041	0.65772	0.0	122.91833	0.0	0.49999	9.92295	9.92295	0.79099	0.79099	1788.23026	51448.398	40.0972	0.0
1331.05	0.0	1.0	7.34387	7.91109	-0.6988	27.62392	25.85276	1.52026	0.65778	0.0	123.05066	0.0	0.49999	10.01395	10.01395	0.78188	0.78188	1790.08649	51290.296	40.01508	0.0
1330.0	0.01531	0.98469	7.34704	7.90779	-0.74026	27.52792	25.89195	1.51696	0.65921	5.32456E-6	123.07697	1.77738E-6	0.49787	10.04451	10.25662	0.77899	0.76288	1790.0799	51056.347	223.03373	192.019
1325.0	0.08444	0.91556	7.36146	7.89229	-0.9348	27.07709	26.06601	1.50214	0.66572	0.0049753	123.19873	0.00167158	0.48821	10.19107	13.40891	0.76539	0.58172	1790.09005	49992.839	212.7016	1055.949
1320.0	0.14622	0.85378	7.37463	7.87815	-1.11234	26.67162	26.21613	1.48886	0.67165	0.0451682	123.33734	0.0152646	0.47951	10.33982	31.6737	0.75202	0.2455	1790.16506	49025.086	193.5506	1824.572
1315.0	0.20168	0.79832	7.3867	7.86529	-1.27377	26.30947	26.34586	1.47688	0.6771	0.16492	123.49186	0.0560312	0.47166	10.49084	87.32163	0.73887	0.088768	1790.3008	48139.627	177.0918	2511.352
1310.0	0.25166	0.74834	7.39784	7.85349	-1.42183	25.98321	26.45806	1.46599	0.68213	0.40315	123.65995	0.13764	0.46453	10.64419	204.88749	0.72593	0.0377132	1790.49386	47325.289	162.8676	3127.455
1305.0	0.29688	0.70312	7.40815	7.84253	-1.55936	25.68499	26.55473	1.45604	0.6868	0.78676	123.83828	0.2698	0.45805	10.80002	407.99393	0.7132	0.0188791	1790.74127	46572.738	150.5102	3682.215
1300.0	0.33792	0.66208	7.41773	7.83238	-1.68684	25.41377	26.638	1.44689	0.69114	1.33053	124.027	0.45813	0.45213	10.95838	718.46125	0.70067	0.0106869	1791.03964	45874.126	139.7224	4183.474
1295.0	0.37531	0.62469	7.42669	7.823	-1.80454	25.16904	26.70946	1.43843	0.6952	2.03859	124.22644	0.70456	0.4467	11.11933	1156.04438	0.68833	0.00662064	1791.38582	45222.818	130.2616	4637.868
1290.0	0.40945	0.59055	7.43507	7.81413	-1.91586	24.94117	26.77011	1.43059	0.69901	2.90757	124.43196	1.00837	0.44172	11.28295	1738.88811	0.67618	0.00438749	1791.77782	44613.172	121.9292	5051.034
1285.0	0.44074	0.55926	7.44297	7.80587	-2.01962	24.73381	26.82134	1.4233	0.7026	3.92877	124.64587	1.36689	0.43712	11.44938	2484.30884	0.66422	0.00306119	1792.21244	44040.37	114.5604	5427.791
1280.0	0.46948	0.53052	7.45043	7.79807	-2.11749	24.54222	26.86387	1.41648	0.70597	5.08956	124.86592	1.776	0.43287	11.61866	3408.59971	0.65245	0.00222395	1792.68765	43500.274	108.0192	5772.272
1275.0	0.49595	0.50405	7.45748	7.79067	-2.21042	24.36382	26.89842	1.41011	0.70917	6.37575	125.09091	2.23094	0.42894	11.79093	4528.14069	0.64084	0.00166871	1793.20138	42989.315	102.1918	6088.044
1270.0	0.52038	0.47962	7.46418	7.78367	-2.29826	24.1992	26.92594	1.40412	0.71219	7.77306	125.3214	2.72685	0.42528	11.96618	5860.43804	0.62942	0.00128518	1793.75125	42504.403	96.9824	6378.195
1265.0	0.543	0.457	7.47057	7.77704	-2.38143	24.04726	26.94695	1.39848	0.71506	9.26669	125.55695	3.2586	0.42188	12.14462	7423.42262	0.61816	0.0010113	1794.33533	42042.851	92.3104	6645.408
1260.0	0.56397	0.43603	7.47667	7.77067	-2.46142	23.90369	26.96183	1.39316	0.71779	10.84168	125.7953	3.82098	0.41871	12.32632	9235.3652	0.60707	8.10247E-4	1794.95229	41602.315	88.1072	6892.028
1255.0	0.58345	0.41655	7.48251	7.7646	-2.53766	23.77024	26.97129	1.38813	0.72039	12.48556	126.03788	4.40957	0.41574	12.51135	11317.91563	0.59614	6.59001E-4	1795.60005	41180.74	84.315	7120.105
1250.0	0.60159	0.39841	7.48812	7.75878	-2.61071	23.64543	26.97561	1.38337	0.72287	14.18497	126.28354	5.01962	0.41295	12.69987	13692.73355	0.58537	5.42924E-4	1796.27713	40776.32	80.884	7331.443
1245.0	0.61851	0.38149	7.49352	7.75321	-2.68054	23.5294	26.9753	1.37884	0.72525	15.92869	126.53252	5.64709	0.41035	12.89189	16384.73293	0.57476	4.52233E-4	1796.98191	40387.464	77.7712	7527.632
1240.0	0.63433	0.36567	7.49872	7.74784	-2.74804	23.41958	26.97064	1.37454	0.72752	17.70784	126.78353	6.28879	0.40789	13.08765	19422.08215	0.5643	3.80253E-4	1797.7133	40012.764	74.94	7710.078
1236.18	0.6457	0.3543	7.50258	7.74386	-2.79797	23.34011	26.96425	1.37139	0.72919	19.08271	126.97723	6.78563	0.40611	13.23986	21991.69013	0.5564	3.34974E-4	1798.28917	39735.42	 	7840.739
1235.0	0.64978	0.35022	7.50401	7.74237	-2.8166	23.30556	26.96571	1.37025	0.7298	19.58579	127.06391	6.96767	0.40548	13.27381	22914.27397	0.55454	3.21237E-4	1798.44403	39637.266	75.0996	7893.731
1230.0	0.66637	0.33363	7.50996	7.73621	-2.89392	23.16355	26.96913	1.36553	0.73232	21.74277	127.42888	7.74932	0.40288	13.4202	27123.13624	0.54668	2.70489E-4	1799.13151	39230.959	81.2614	8108.601
1225.0	0.68164	0.31836	7.51566	7.73034	-2.96763	23.03158	26.96751	1.36107	0.73472	23.90406	127.78919	8.53424	0.40048	13.57023	31807.8935	0.53883	2.29883E-4	1799.86058	38842.157	77.7604	8306.371
1220.0	0.69575	0.30425	7.52112	7.72474	-3.03791	22.90914	26.96129	1.35684	0.73701	26.05952	128.14515	9.31865	0.39825	13.72398	37007.7416	0.53102	1.96924E-4	1800.62768	38468.984	74.6346	8488.916
1215.0	0.70882	0.29118	7.52637	7.71934	-3.10568	22.79353	26.95086	1.35282	0.7392	28.20182	128.4965	10.09978	0.39616	13.88156	42766.55549	0.52323	1.69836E-4	1801.43006	38109.82	71.8328	8657.852
1210.0	0.72096	0.27904	7.53143	7.71416	-3.17078	22.68535	26.93669	1.34898	0.7413	30.32619	128.84422	10.87578	0.39421	14.04323	49137.78619	0.51547	1.47318E-4	1802.2645	37763.255	69.313	8814.588
1205.0	0.73227	0.26773	7.53632	7.70917	-3.23336	22.58418	26.91901	1.34532	0.74332	32.4248	129.18836	11.64367	0.39238	14.20898	56171.6522	0.50774	1.28436E-4	1803.12833	37428.06	67.039	8960.351
1200.0	0.74282	0.25718	7.54105	7.70431	-3.29441	22.48699	26.89827	1.3418	0.74527	34.50014	129.52854	12.40429	0.39065	14.37905	63939.42156	0.50004	1.12451E-4	1804.01957	37103.155	64.981	9096.22
1195.0	0.75271	0.24729	7.54565	7.69964	-3.35297	22.3969	26.87466	1.33842	0.74715	36.54445	129.86626	13.15467	0.38903	14.55358	72504.85377	0.49237	9.88303E-5	1804.93507	36787.59	63.113	9223.141
1190.0	0.76198	0.23802	7.55011	7.69507	-3.41033	22.30987	26.84843	1.33517	0.74897	38.56017	130.2004	13.89564	0.38749	14.7327	81952.68122	0.48472	8.7139E-5	1805.87351	36480.522	61.4136	9341.954
1185.0	0.77071	0.22929	7.55446	7.69064	-3.4659	22.22781	26.81984	1.33202	0.75074	40.54521	130.532	14.62635	0.38603	14.91656	92368.9037	0.47711	7.70483E-5	1806.83219	36181.203	59.8638	9453.407
1180.0	0.77894	0.22106	7.55871	7.68633	-3.52007	22.14956	26.78905	1.32898	0.75246	42.49961	130.86092	15.34673	0.38465	15.10548	103851.7138	0.46953	6.82941E-5	1807.80931	35888.968	58.447	9558.162
1175.0	0.78672	0.21328	7.56285	7.68212	-3.57291	22.07492	26.75626	1.32603	0.75413	44.42416	131.18738	16.057	0.38333	15.29953	116513.691	0.46198	6.06629E-5	1808.80286	35603.217	57.1502	9656.817
1170.0	0.79409	0.20591	7.56691	7.67801	-3.62444	22.0039	26.72169	1.32316	0.75576	46.32112	131.51181	16.75792	0.38207	15.49891	130484.3811	0.45446	5.39808E-5	1809.81075	35323.416	55.9602	9749.905
1165.0	0.80109	0.19891	7.57088	7.67397	-3.67519	21.93479	26.68541	1.32037	0.75736	48.19036	131.83339	17.44944	0.38086	15.70386	145891.6529	0.44698	4.81128E-5	1810.83164	35049.079	54.8674	9837.908
1160.0	0.80777	0.19223	7.57477	7.67001	-3.72485	21.86865	26.64762	1.31765	0.75893	50.03561	132.15311	18.13284	0.3797	15.91467	162901.5351	0.43952	4.29391E-5	1811.86311	34779.767	53.8624	9921.264
1155.0	0.81414	0.18586	7.5786	7.66616	-3.77324	21.80611	26.60842	1.31499	0.76046	51.85562	132.47128	18.8076	0.37858	16.13154	181679.7356	0.4321	3.83667E-5	1812.90296	34515.084	52.9366	10000.368
1150.0	0.82024	0.17976	7.58237	7.66234	-3.82122	21.74439	26.56797	1.31238	0.76198	53.65718	132.78708	19.47624	0.3775	16.35467	202431.4473	0.42471	3.43131E-5	1813.95013	34254.665	52.0838	10075.58
1145.0	0.82609	0.17391	7.58608	7.65859	-3.8683	21.68509	26.52633	1.30982	0.76346	55.43958	133.10121	20.13844	0.37646	16.5844	225370.8542	0.41736	3.07122E-5	1815.002	33998.181	51.2968	10147.23
1140.0	0.83173	0.16827	7.58973	7.65491	-3.91451	21.62814	26.48361	1.30731	0.76493	57.20541	133.41382	20.79512	0.37545	16.82106	250739.2982	0.41004	2.75076E-5	1816.05651	33745.329	50.5704	10215.618
1135.0	0.83717	0.16283	7.59333	7.65127	-3.96013	21.57268	26.43996	1.30483	0.76638	58.95924	133.72487	21.44796	0.37447	17.06489	278822.0317	0.40275	2.46495E-5	1817.11181	33495.831	49.8996	10281.02
1130.0	0.84244	0.15756	7.59689	7.64768	-4.0052	21.51854	26.3955	1.30239	0.76782	60.70597	134.03454	22.09877	0.37351	17.31626	309945.2333	0.39549	2.20956E-5	1818.16573	33249.436	49.279	10343.685
1125.0	0.84755	0.15245	7.60041	7.64415	-4.04953	21.46645	26.35022	1.29998	0.76924	62.44393	134.34293	22.74689	0.37258	17.57554	344434.3712	0.38827	1.98123E-5	1819.21586	33005.912	48.7048	10403.841
1123.35	0.84919	0.15081	7.60156	7.64299	-4.06406	21.4495	26.33496	1.29919	0.76971	63.00985	134.44409	22.95807	0.37228	17.66289	356589.3475	0.38589	1.91143E-5	1819.56152	32926.274	 	10423.013
1123.35	0.84919	0.15081	7.60156	7.64299	-4.06406	21.4495	26.33496	1.29919	0.76971	63.00985	134.44409	22.95807	0.37228	17.66289	356589.3475	0.38589	1.91143E-5	1819.56152	32926.274	 	10423.013
1120.0	0.85692	0.14308	7.60508	7.63945	-4.10847	21.36423	26.33438	1.29611	0.77154	65.52149	134.66323	23.89541	0.37101	17.79022	390297.6064	0.38221	1.74216E-5	1819.97485	32706.256	59.9312	10520.494
1115.0	0.86842	0.13158	7.6103	7.63423	-4.17409	21.23827	26.33345	1.2915	0.77429	69.40164	134.99285	25.34556	0.36911	17.98794	446610.7532	0.37665	1.51703E-5	1820.51814	32381.589	64.9334	10662.516
1114.06	0.87045	0.12955	7.61125	7.63326	-4.18621	21.21521	26.33248	1.29067	0.77479	70.10758	135.05424	25.6097	0.36877	18.02615	457807.8083	0.3756	1.47892E-5	1820.61261	32322.323	 	10687.443
1110.0	0.9134	0.086601	7.62911	7.61539	-4.41046	20.5257	26.42383	1.28245	0.77976	86.05661	136.16714	31.59103	0.36204	18.52192	591777.2334	0.36448	1.14077E-5	1822.76442	31435.404	189.237	11426.414
1109.16	0.91895	0.08105	7.63157	7.61294	-4.44128	20.43587	26.43151	1.2813	0.78046	88.31996	136.32871	32.44293	0.36116	18.62403	614620.0551	0.36226	1.0977E-5	1823.22757	31309.595	 	11521.607
1105.46	0.95576	0.044239	7.6463	7.59827	-4.62539	19.87195	26.5024	1.27445	0.78465	104.22582	137.28009	38.44922	0.35537	19.10718	763884.8798	0.35215	8.80846E-6	1826.84586	30538.178	 	12158.393
1105.0	0.96138	0.038617	7.64839	7.5962	-4.65136	19.79093	26.51587	1.27338	0.78531	106.18139	137.38885	39.19568	0.3545	19.17477	787909.4426	0.35079	8.53703E-6	1827.54202	30425.193	202.0422	12254.694
1101.47	1.0	-5.9319E-10	7.66279	7.58193	-4.83056	19.23652	26.60505	1.26586	0.78998	125.50516	138.14775	46.53214	0.34859	 	977343.8402	 	6.86471E-6	 	29658.951	 	12892.734
1100.0	1.0	0.0	7.66347	7.58126	-4.83892	19.23391	26.58391	1.26551	0.7902	125.62717	138.23151	46.57929	0.34853	 	1002092.561	 	6.68801E-6	 	29613.71378	162.29584	 
1095.0	1.0	0.0	7.66582	7.57893	-4.8681	19.22234	26.51189	1.26433	0.79094	126.0413	138.51418	46.73939	0.34834	 	1091267.983	 	6.11912E-6	 	29460.26499	30.68976	 
1090.0	1.0	0.0	7.66817	7.57661	-4.89723	19.21084	26.43987	1.26314	0.79168	126.45493	138.79566	46.89935	0.34815	 	1189122.515	 	5.59505E-6	 	29307.05318	30.64236	 
1085.0	1.0	0.0	7.67051	7.5743	-4.92631	19.19941	26.36784	1.26194	0.79243	126.86806	139.07594	47.05917	0.34796	 	1296571.237	 	5.11256E-6	 	29154.07793	30.59505	 
1080.0	1.0	0.0	7.67286	7.57199	-4.95533	19.18806	26.29581	1.26074	0.79319	127.28069	139.35503	47.21885	0.34777	 	1414633.119	 	4.66862E-6	 	29001.33883	30.54782	 
1075.0	1.0	0.0	7.67519	7.56968	-4.9843	19.17678	26.22377	1.25953	0.79395	127.69281	139.63292	47.37838	0.34759	 	1544443.358	 	4.26043E-6	 	28848.83546	30.50067	 
1070.0	1.0	0.0	7.67753	7.56737	-5.01323	19.16558	26.15173	1.25832	0.79471	128.10443	139.90963	47.53777	0.3474	 	1687267.808	 	3.88532E-6	 	28696.56742	30.45361	 
1065.0	1.0	0.0	7.67987	7.56507	-5.04209	19.15446	26.07968	1.2571	0.79548	128.51555	140.18516	47.69702	0.34721	 	1844518.943	 	3.54086E-6	 	28544.53426	30.40663	 
1060.0	1.0	0.0	7.6822	7.56278	-5.07091	19.14341	26.00762	1.25587	0.79626	128.92616	140.45951	47.85612	0.34702	 	2017773.858	 	3.22473E-6	 	28392.73559	30.35973	 
1055.04	1.0	0.0	7.68451	7.5605	-5.09945	19.13254	25.93614	1.25465	0.79704	129.33296	140.73049	48.01379	0.34683	 	2207181.326	 	2.93703E-6	 	28242.3944	 	 
1055.0	1.0	0.0	7.68453	7.56049	-5.09968	19.13245	25.93556	1.25464	0.79704	129.33626	140.73269	48.01507	0.34683	 	2208795.679	 	2.9348E-6	 	28241.17051	30.31301	 
1050.0	1.0	0.0	7.68685	7.5582	-5.12835	19.12171	25.86349	1.2534	0.79783	129.74598	141.00491	48.17392	0.34664	 	2419581.16	 	2.66904E-6	 	28089.76132	30.28184	 
1045.0	1.0	0.0	7.68917	7.55592	-5.15698	19.11104	25.79141	1.25215	0.79863	130.1552	141.27596	48.33263	0.34645	 	2652313.406	 	2.42564E-6	 	27938.58681	30.2349	 
1040.0	1.0	0.0	7.69149	7.55364	-5.18556	19.10044	25.71933	1.25089	0.79943	130.56389	141.54582	48.49118	0.34626	 	2909463.558	 	2.20287E-6	 	27787.65004	30.18736	 
1035.0	1.0	0.0	7.6938	7.55137	-5.21408	19.08992	25.64724	1.24963	0.80023	130.97207	141.81451	48.64959	0.34608	 	3193801.703	 	1.99911E-6	 	27636.95029	30.13995	 
1030.0	1.0	0.0	7.69611	7.5491	-5.24256	19.07947	25.57514	1.24837	0.80105	131.37973	142.08204	48.80784	0.34589	 	3508435.07	 	1.81287E-6	 	27486.48688	30.09268	 
1025.0	1.0	0.0	7.69842	7.54684	-5.27099	19.06911	25.50304	1.24709	0.80186	131.78687	142.3484	48.96595	0.3457	 	3856852.569	 	1.64278E-6	 	27336.25916	30.04554	 
1020.0	1.0	0.0	7.70073	7.54458	-5.29937	19.05883	25.43093	1.24581	0.80269	132.19349	142.6136	49.1239	0.34551	 	4242973.96	 	1.48753E-6	 	27186.26645	29.99854	 
1015.0	1.0	0.0	7.70303	7.54232	-5.3277	19.04864	25.35881	1.24453	0.80352	132.59959	142.87764	49.28171	0.34532	 	4671207.395	 	1.34593E-6	 	27036.5081	29.95167	 
1010.0	1.0	0.0	7.70534	7.54007	-5.35598	19.03852	25.28668	1.24323	0.80436	133.00518	143.14053	49.43936	0.34513	 	5146514.12	 	1.21689E-6	 	26886.98349	29.90492	 
1005.0	1.0	0.0	7.70764	7.53782	-5.38421	19.0285	25.21455	1.24193	0.8052	133.41024	143.40227	49.59686	0.34495	 	5674482.226	 	1.09937E-6	 	26737.69199	29.8583	 
1000.0	1.0	0.0	7.70993	7.53557	-5.41239	19.01857	25.14241	1.24062	0.80605	133.81477	143.66287	49.75421	0.34476	 	6261411.759	 	9.92417E-7	 	26588.63297	29.8118	 
995.0	1.0	0.0	7.71223	7.53333	-5.44052	19.00872	25.07025	1.2393	0.8069	134.21879	143.92232	49.9114	0.34457	 	6914410.801	 	8.95163E-7	 	26439.80584	29.76543	 
991.45	1.0	0.0	7.71385	7.53174	-5.46045	19.00179	25.01905	1.23837	0.80752	134.50517	144.10575	50.02286	0.34444	 	7422234.557	 	8.31583E-7	 	26334.33407	 	 
990.0	1.0	0.0	7.71518	7.53045	-5.47669	18.96777	24.9825	1.23875	0.80726	134.71838	144.2535	50.1054	0.34435	 	7647524.462	 	8.06159E-7	 	26260.4865	35.86387	 
985.0	1.0	0.0	7.71968	7.52605	-5.53189	18.85266	24.859	1.23998	0.80646	135.44169	144.75218	50.38553	0.34405	 	8481762.413	 	7.23991E-7	 	26009.1339	50.27052	 
980.0	1.0	0.0	7.72411	7.52174	-5.58598	18.74065	24.73892	1.24105	0.80577	136.1491	145.23633	50.6597	0.34376	 	9415168.349	 	6.49623E-7	 	25762.22903	49.38097	 
975.0	1.0	0.0	7.72845	7.51752	-5.63901	18.63163	24.62199	1.24197	0.80518	136.84173	145.7071	50.92832	0.34347	 	1.046040898E7	 	5.82378E-7	 	25519.57193	48.53142	 
970.0	1.0	0.0	7.73271	7.51337	-5.69102	18.52547	24.50798	1.24275	0.80467	137.52049	146.16541	51.19172	0.34319	 	1.163188271E7	 	5.21627E-7	 	25280.96959	47.72047	 
965.0	1.0	0.0	7.7369	7.50931	-5.74205	18.42204	24.39668	1.24339	0.80425	138.18616	146.61201	51.4502	0.34291	 	1.294597005E7	 	4.66794E-7	 	25046.23644	46.94663	 
960.0	1.0	0.0	7.74101	7.50532	-5.79215	18.32123	24.28791	1.24392	0.80391	138.83945	147.04756	51.70403	0.34264	 	1.442132559E7	 	4.17347E-7	 	24815.1947	46.20835	 
955.0	1.0	0.0	7.74506	7.5014	-5.84136	18.2229	24.18151	1.24433	0.80365	139.48101	147.47269	51.95345	0.34237	 	1.607921412E7	 	3.72798E-7	 	24587.67453	45.50403	 
950.0	1.0	0.0	7.74904	7.49755	-5.88971	18.12692	24.07731	1.24462	0.80346	140.11145	147.88794	52.19869	0.3421	 	1.794389686E7	 	3.32698E-7	 	24363.5141	44.83209	 
945.0	1.0	0.0	7.75295	7.49376	-5.93726	18.03319	23.97517	1.24482	0.80333	140.73132	148.29383	52.43996	0.34183	 	2.004308525E7	 	2.96635E-7	 	24142.55955	44.19091	 
940.0	1.0	0.0	7.75681	7.49003	-5.98402	17.9416	23.87496	1.24491	0.80327	141.34117	148.69083	52.67747	0.34157	 	2.240845842E7	 	2.64234E-7	 	23924.66482	43.57895	 
935.0	1.0	0.0	7.76061	7.48637	-6.03005	17.85203	23.77656	1.24491	0.80327	141.9415	149.07938	52.91139	0.34131	 	2.507627012E7	 	2.3515E-7	 	23709.69146	42.99467	 
930.0	1.0	0.0	7.76435	7.48276	-6.07536	17.76438	23.67986	1.24482	0.80333	142.53276	149.45991	53.14191	0.34106	 	2.808805285E7	 	2.09067E-7	 	23497.50839	42.43661	 
925.0	1.0	0.0	7.76804	7.4792	-6.12	17.67855	23.58474	1.24465	0.80344	143.1154	149.83279	53.36919	0.34081	 	3.149143119E7	 	1.85697E-7	 	23287.99162	41.90335	 
920.0	1.0	0.0	7.77169	7.47569	-6.164	17.59445	23.49112	1.24439	0.8036	143.68983	150.19839	53.59339	0.34056	 	3.534107643E7	 	1.64779E-7	 	23081.02392	41.39354	 
915.0	1.0	0.0	7.77528	7.47224	-6.20737	17.512	23.3989	1.24406	0.80382	144.25645	150.55704	53.81466	0.34031	 	3.969981297E7	 	1.46073E-7	 	22876.4945	40.90588	 
910.0	1.0	0.0	7.77883	7.46883	-6.25015	17.43111	23.30799	1.24366	0.80408	144.81563	150.90908	54.03314	0.34006	 	4.463991165E7	 	1.29361E-7	 	22674.29873	40.43915	 
905.0	1.0	0.0	7.78233	7.46547	-6.29237	17.35169	23.21833	1.24318	0.80439	145.36769	151.25478	54.24895	0.33982	 	5.024460342E7	 	1.14445E-7	 	22474.33776	39.9922	 
900.0	1.0	0.0	7.7858	7.46215	-6.33404	17.27368	23.12983	1.24265	0.80473	145.91298	151.59444	54.46223	0.33958	 	5.660983702E7	 	1.01146E-7	 	22276.51821	39.56391	 
895.0	1.0	0.0	7.78922	7.45887	-6.37519	17.197	23.04243	1.24204	0.80513	146.4518	151.92831	54.67308	0.33934	 	6.384635794E7	 	8.92995E-8	 	22080.75186	39.15327	 
890.0	1.0	0.0	7.7926	7.45563	-6.41584	17.12158	22.95606	1.24138	0.80556	146.98443	152.25665	54.88161	0.3391	 	7.208212103E7	 	7.8758E-8	 	21886.95541	38.75929	 
885.0	1.0	0.0	7.79595	7.45243	-6.45601	17.04735	22.87068	1.24066	0.80602	147.51115	152.57967	55.08794	0.33887	 	8.14651428E7	 	6.93873E-8	 	21695.05003	38.38108	 
880.0	1.0	0.0	7.79926	7.44927	-6.49572	16.97426	22.78621	1.23988	0.80653	148.03221	152.89761	55.29214	0.33864	 	9.216683686E7	 	6.10658E-8	 	21504.96125	38.01776	 
875.0	1.0	0.0	7.80253	7.44614	-6.53499	16.90225	22.70262	1.23905	0.80707	148.54785	153.21066	55.49433	0.33841	 	1.04385951E8	 	5.36838E-8	 	21316.61824	37.6686	 
870.0	1.0	0.0	7.80578	7.44304	-6.57383	16.83125	22.61985	1.23817	0.80764	149.0583	153.51901	55.69458	0.33818	 	1.183531816E8	 	4.71422E-8	 	21129.95474	37.3327	 
865.0	1.0	0.0	7.80899	7.43998	-6.61227	16.76122	22.53786	1.23724	0.80825	149.56377	153.82285	55.89297	0.33795	 	1.343366596E8	 	4.13515E-8	 	20944.90758	37.00943	 
860.0	1.0	0.0	7.81217	7.43695	-6.65031	16.69211	22.45661	1.23626	0.80889	150.06447	154.12235	56.08958	0.33772	 	1.526483647E8	 	3.62311E-8	 	20761.41692	36.69813	 
855.0	1.0	0.0	7.81533	7.43395	-6.68797	16.62386	22.37605	1.23523	0.80956	150.56059	154.41767	56.28448	0.3375	 	1.736517738E8	 	3.17084E-8	 	20579.426	36.39818	 
850.0	1.0	0.0	7.81845	7.43098	-6.72527	16.55642	22.29616	1.23417	0.81026	151.0523	154.70895	56.47775	0.33727	 	1.977708679E8	 	2.7718E-8	 	20398.88097	36.10901	 
845.0	1.0	0.0	7.82067	7.42887	-6.75172	16.53738	22.22874	1.2324	0.81143	151.42956	154.92563	56.62636	0.33709	 	2.247803807E8	 	2.42789E-8	 	20259.60231	27.85573	 
840.0	1.0	0.0	7.82288	7.42677	-6.77811	16.51834	22.16131	1.23062	0.8126	151.80632	155.14136	56.77481	0.33692	 	2.557725503E8	 	2.12416E-8	 	20117.69444	28.38157	 
835.0	1.0	0.0	7.8251	7.42467	-6.80446	16.49931	22.09386	1.22883	0.81378	152.18256	155.35612	56.92311	0.33674	 	2.913772727E8	 	1.85622E-8	 	19976.00146	28.3386	 
830.0	1.0	0.0	7.8273	7.42257	-6.83075	16.48028	22.02641	1.22703	0.81497	152.5583	155.56993	57.07126	0.33656	 	3.323307336E8	 	1.62013E-8	 	19834.52288	28.29571	 
825.0	1.0	0.0	7.82951	7.42048	-6.857	16.46125	21.95895	1.22523	0.81618	152.93353	155.7828	57.21926	0.33638	 	3.794944587E8	 	1.41235E-8	 	19693.25823	28.25293	 
820.0	1.0	0.0	7.83171	7.4184	-6.88319	16.44222	21.89148	1.22341	0.81739	153.30825	155.99471	57.3671	0.3362	 	4.33877979E8	 	1.2297E-8	 	19552.207	28.21025	 
815.0	1.0	0.0	7.83391	7.41632	-6.90933	16.4232	21.82399	1.22158	0.81861	153.68245	156.20567	57.51479	0.33603	 	4.966658315E8	 	1.06933E-8	 	19411.36869	28.16766	 
810.0	1.0	0.0	7.83611	7.41424	-6.93541	16.40418	21.7565	1.21974	0.81985	154.05615	156.41569	57.66232	0.33585	 	5.692497722E8	 	9.28694E-9	 	19270.7428	28.12518	 
805.0	1.0	0.0	7.8383	7.41216	-6.96145	16.38516	21.68899	1.21788	0.8211	154.42933	156.62477	57.80971	0.33567	 	6.532672615E8	 	8.05518E-9	 	19130.32881	28.0828	 
800.0	1.0	0.0	7.84049	7.41009	-6.98743	16.36614	21.62148	1.21602	0.82235	154.80199	156.83291	57.95693	0.33549	 	7.506475115E8	 	6.97768E-9	 	18990.12619	28.04052	 
795.0	1.0	0.0	7.84268	7.40803	-7.01337	16.34713	21.55395	1.21415	0.82362	155.17414	157.04011	58.104	0.33531	 	8.636666591E8	 	6.03633E-9	 	18850.13442	27.99835	 
790.0	1.0	0.0	7.84486	7.40596	-7.03925	16.32812	21.48642	1.21226	0.8249	155.54577	157.24638	58.25092	0.33514	 	9.950139758E8	 	5.21497E-9	 	18710.35296	27.95629	 
785.0	1.0	0.0	7.84704	7.40391	-7.06507	16.30911	21.41887	1.21037	0.8262	155.91688	157.45171	58.39767	0.33496	 	1.147871438E9	 	4.49926E-9	 	18570.78126	27.91434	 
780.0	1.0	0.0	7.84922	7.40185	-7.09085	16.29011	21.35131	1.20846	0.8275	156.28748	157.65611	58.54428	0.33478	 	1.326009505E9	 	3.87642E-9	 	18431.41875	27.8725	 
775.0	1.0	0.0	7.85139	7.3998	-7.11658	16.27111	21.28373	1.20654	0.82882	156.65756	157.85958	58.69072	0.3346	 	1.533902576E9	 	3.33513E-9	 	18292.26488	27.83078	 
770.0	1.0	0.0	7.85356	7.39776	-7.14225	16.25211	21.21615	1.20461	0.83014	157.02711	158.06212	58.83701	0.33442	 	1.7768684E9	 	2.86535E-9	 	18153.31904	27.78917	 
765.0	1.0	0.0	7.85573	7.39572	-7.16787	16.23311	21.14856	1.20267	0.83149	157.39614	158.26374	58.98314	0.33425	 	2.061236666E9	 	2.45821E-9	 	18014.58066	27.74768	 
760.0	1.0	0.0	7.85789	7.39368	-7.19344	16.21411	21.08095	1.20071	0.83284	157.76466	158.46444	59.12911	0.33407	 	2.39455322E9	 	2.10584E-9	 	17876.04913	27.70631	 
755.0	1.0	0.0	7.86005	7.39165	-7.21896	16.19512	21.01333	1.19875	0.8342	158.13264	158.66421	59.27492	0.33389	 	2.785827825E9	 	1.80131E-9	 	17737.72381	27.66506	 
750.0	1.0	0.0	7.86221	7.38962	-7.24443	16.17613	20.94569	1.19677	0.83558	158.50011	158.86307	59.42057	0.33371	 	3.245835272E9	 	1.53851E-9	 	17599.60408	27.62395	 
745.0	1.0	0.0	7.86437	7.38759	-7.26985	16.15715	20.87805	1.19478	0.83697	158.86705	159.06101	59.56606	0.33354	 	3.787481927E9	 	1.31204E-9	 	17461.68929	27.58296	 
740.0	1.0	0.0	7.86652	7.38557	-7.29521	16.13816	20.81039	1.19278	0.83838	159.23346	159.25803	59.71139	0.33336	 	4.426252699E9	 	1.11718E-9	 	17323.97876	27.54211	 
735.0	1.0	0.0	7.86867	7.38356	-7.32053	16.11918	20.74272	1.19076	0.8398	159.59934	159.45415	59.85657	0.33318	 	5.180757026E9	 	9.4977E-10	 	17186.4718	27.50139	 
730.0	1.0	0.0	7.87081	7.38154	-7.34579	16.1002	20.67503	1.18874	0.84123	159.9647	159.64935	60.00158	0.333	 	6.073396969E9	 	8.06159E-10	 	17049.16772	27.46082	 
725.0	1.0	0.0	7.87296	7.37954	-7.371	16.08123	20.60734	1.1867	0.84267	160.32953	159.84364	60.14643	0.33283	 	7.131186197E9	 	6.83157E-10	 	16912.06577	27.42039	 
720.0	1.0	0.0	7.87509	7.37753	-7.39616	16.06226	20.53962	1.18465	0.84413	160.69382	160.03703	60.29111	0.33265	 	8.386755737E9	 	5.77973E-10	 	16775.16521	27.38011	 
715.0	1.0	0.0	7.87723	7.37553	-7.42126	16.04328	20.4719	1.18258	0.84561	161.05759	160.22952	60.43564	0.33247	 	9.879591349E9	 	4.88169E-10	 	16638.46525	27.33999	 
710.0	1.0	0.0	7.87936	7.37353	-7.44632	16.02432	20.40416	1.1805	0.8471	161.42082	160.4211	60.58	0.33229	 	1.16576E10	 	4.11622E-10	 	16501.9651	27.30003	 
705.0	1.0	0.0	7.88149	7.37154	-7.47132	16.00535	20.3364	1.17841	0.8486	161.78352	160.61178	60.7242	0.33212	 	1.3778799999999998E10	 	3.46482E-10	 	16365.66393	27.26023	 
700.0	1.0	0.0	7.88362	7.36955	-7.49628	15.98639	20.26863	1.17631	0.85012	162.14569	160.80157	60.86823	0.33194	 	1.6313999999999998E10	 	2.91143E-10	 	16229.56088	27.22061	 
695.0	1.0	0.0	7.88574	7.36757	-7.52118	15.96743	20.20085	1.17419	0.85165	162.50732	160.99046	61.0121	0.33176	 	1.93494E10	 	2.44209E-10	 	16093.65506	27.18116	 
690.0	1.0	0.0	7.88786	7.36559	-7.54603	15.94847	20.13305	1.17206	0.8532	162.86842	161.17845	61.15581	0.33159	 	2.29903E10	 	2.04473E-10	 	15957.94554	27.1419	 
685.0	1.0	0.0	7.88998	7.36362	-7.57082	15.92952	20.06523	1.16992	0.85476	163.22898	161.36555	61.29935	0.33141	 	2.7365399999999996E10	 	1.70891E-10	 	15822.43136	27.10284	 
680.0	1.0	0.0	7.89209	7.36164	-7.59557	15.91057	19.9974	1.16776	0.85634	163.589	161.55177	61.44273	0.33123	 	3.2632699999999996E10	 	1.42559E-10	 	15687.11152	27.06397	 
675.0	1.0	0.0	7.8942	7.35968	-7.62027	15.89162	19.92956	1.16559	0.85794	163.94848	161.73709	61.58594	0.33105	 	3.89863E10	 	1.187E-10	 	15551.98498	27.02531	 
670.0	1.0	0.0	7.89631	7.35771	-7.64491	15.87267	19.86169	1.1634	0.85955	164.30743	161.92153	61.72898	0.33088	 	4.666469999999999E10	 	9.86458E-11	 	15417.05064	26.98687	 
665.0	1.0	0.0	7.89841	7.35575	-7.6695	15.85373	19.79382	1.1612	0.86117	164.66583	162.10509	61.87186	0.3307	 	5.596269999999999E10	 	8.18202E-11	 	15282.30738	26.94865	 
660.0	1.0	0.0	7.90051	7.3538	-7.69404	15.83478	19.72592	1.15899	0.86282	165.02369	162.28776	62.01457	0.33052	 	6.724399999999999E10	 	6.77306E-11	 	15147.75645	26.91019	 
655.0	1.0	0.0	7.90261	7.35185	-7.71853	15.81585	19.65801	1.15676	0.86448	165.38101	162.46955	62.15711	0.33035	 	8.09595E10	 	5.59548E-11	 	15013.41127	26.86904	 
650.0	1.0	0.0	7.9047	7.3499	-7.74297	15.79691	19.59008	1.15452	0.86616	165.73778	162.65047	62.29948	0.33017	 	9.766869999999998E10	 	4.61321E-11	 	14879.28967	26.82432	 
645.0	1.0	0.0	7.90679	7.34796	-7.76736	15.77798	19.52213	1.15227	0.86786	166.09402	162.83051	62.44169	0.32999	 	1.18068E11	 	3.79551E-11	 	14745.39114	26.77971	 
640.0	1.0	0.0	7.90888	7.34602	-7.7917	15.75905	19.45417	1.14999	0.86957	166.4497	163.00967	62.58373	0.32982	 	1.43024E11	 	3.11617E-11	 	14611.71511	26.7352	 
635.0	1.0	0.0	7.91096	7.34408	-7.81598	15.74012	19.38618	1.14771	0.8713	166.80484	163.18797	62.7256	0.32964	 	1.73621E11	 	2.55295E-11	 	14478.26106	26.69081	 
630.0	1.0	0.0	7.91304	7.34215	-7.84021	15.72119	19.31818	1.14541	0.87305	167.15944	163.36539	62.86729	0.32946	 	2.11217E11	 	2.08698E-11	 	14345.02845	26.64652	 
625.0	1.0	0.0	7.91512	7.34023	-7.8644	15.70227	19.25016	1.14309	0.87482	167.51348	163.54194	63.00882	0.32929	 	2.57515E11	 	1.70229E-11	 	14212.01656	26.60238	 
620.0	1.0	0.0	7.91719	7.3383	-7.88853	15.68335	19.18213	1.14076	0.87661	167.86698	163.71763	63.15018	0.32911	 	3.14659E11	 	1.38539E-11	 	14079.22439	26.55843	 
615.0	1.0	0.0	7.91926	7.33639	-7.91261	15.66443	19.11407	1.13841	0.87842	168.21992	163.89245	63.29137	0.32893	 	3.85353E11	 	1.1249E-11	 	13946.65166	26.51455	 
610.0	1.0	0.0	7.92133	7.33447	-7.93663	15.64552	19.04599	1.13605	0.88024	168.57232	164.06641	63.43238	0.32876	 	4.73013E11	 	9.11272E-12	 	13814.29785	26.47076	 
605.0	1.0	0.0	7.92339	7.33256	-7.96061	15.62661	18.97789	1.13367	0.88209	168.92416	164.23951	63.57323	0.32858	 	5.81971E11	 	7.36468E-12	 	13682.16244	26.42708	 
600.0	1.0	0.0	7.92545	7.33066	-7.98454	15.6077	18.90978	1.13128	0.88396	169.27546	164.41175	63.7139	0.3284	 	7.17729E11	 	5.93765E-12	 	13550.24493	26.3835	 
595.0	1.0	0.0	7.92751	7.32875	-8.00841	15.58879	18.84164	1.12887	0.88585	169.62619	164.58313	63.8544	0.32823	 	8.87297E11	 	4.77543E-12	 	13418.54482	26.34002	 
590.0	1.0	0.0	7.92956	7.32686	-8.03223	15.56989	18.77348	1.12644	0.88775	169.97638	164.75366	63.99472	0.32805	 	1.09962E12	 	3.83115E-12	 	13287.06157	26.29665	 
585.0	1.0	0.0	7.93161	7.32496	-8.05601	15.55098	18.7053	1.124	0.88968	170.32601	164.92334	64.13487	0.32787	 	1.36617E12	 	3.0658E-12	 	13155.79472	26.25337	 
580.0	1.0	0.0	7.93366	7.32307	-8.07973	15.53209	18.6371	1.12154	0.89163	170.67508	165.09216	64.27485	0.3277	 	1.70165E12	 	2.44704E-12	 	13024.74373	26.2102	 
575.0	1.0	0.0	7.9357	7.32119	-8.1034	15.51319	18.56888	1.11906	0.89361	171.0236	165.26013	64.41466	0.32752	 	2.12501E12	 	1.94804E-12	 	12893.90814	26.16712	 
570.0	1.0	0.0	7.93774	7.3193	-8.12701	15.4943	18.50063	1.11657	0.8956	171.37155	165.42726	64.55429	0.32734	 	2.6607E12	 	1.54666E-12	 	12763.28744	26.12414	 
565.0	1.0	0.0	7.93978	7.31743	-8.15058	15.47541	18.43236	1.11406	0.89762	171.71895	165.59354	64.69374	0.32717	 	3.34038E12	 	1.22465E-12	 	12632.88114	26.08126	 
560.0	1.0	0.0	7.94181	7.31555	-8.1741	15.45652	18.36407	1.11153	0.89966	172.06579	165.75897	64.83302	0.32699	 	4.20515E12	 	9.67004E-13	 	12502.68876	26.03847	 
555.0	1.0	0.0	7.94384	7.31368	-8.19756	15.43763	18.29575	1.10898	0.90173	172.41207	165.92356	64.97212	0.32682	 	5.30853E12	 	7.61415E-13	 	12372.70982	25.99579	 
550.0	1.0	0.0	7.94587	7.31182	-8.22098	15.41875	18.22742	1.10642	0.90382	172.75779	166.08732	65.11105	0.32664	 	6.72043E12	 	5.97818E-13	 	12242.94385	25.9532	 
545.0	1.0	0.0	7.94789	7.30996	-8.24434	15.39987	18.15905	1.10384	0.90593	173.10294	166.25023	65.2498	0.32646	 	8.53239E12	 	4.68003E-13	 	12113.39035	25.9107	 
540.0	1.0	0.0	7.94991	7.3081	-8.26765	15.38099	18.09066	1.10124	0.90807	173.44753	166.41231	65.38837	0.32629	 	1.08648E13	 	3.6529E-13	 	11984.04887	25.8683	 
535.0	1.0	0.0	7.95193	7.30625	-8.29091	15.36212	18.02225	1.09862	0.91023	173.79156	166.57355	65.52676	0.32611	 	1.38761E13	 	2.84257E-13	 	11854.91894	25.82599	 
530.0	1.0	0.0	7.95394	7.3044	-8.31412	15.34325	17.95381	1.09599	0.91242	174.13502	166.73396	65.66498	0.32594	 	1.77762E13	 	2.20519E-13	 	11726.00009	25.78377	 
525.0	1.0	0.0	7.95595	7.30255	-8.33728	15.32438	17.88535	1.09333	0.91463	174.47792	166.89353	65.80302	0.32576	 	2.28432E13	 	1.70536E-13	 	11597.29188	25.74164	 
520.0	1.0	0.0	7.95796	7.30071	-8.36039	15.30551	17.81686	1.09066	0.91687	174.82025	167.05228	65.94088	0.32558	 	2.94475E13	 	1.3146E-13	 	11468.79384	25.69961	 
515.0	1.0	0.0	7.95996	7.29888	-8.38344	15.28665	17.74834	1.08797	0.91914	175.16201	167.2102	66.07856	0.32541	 	3.80837E13	 	1.01008E-13	 	11340.50553	25.65766	 
510.0	1.0	0.0	7.96196	7.29704	-8.40645	15.26778	17.67979	1.08526	0.92144	175.50321	167.36729	66.21606	0.32523	 	4.94147E13	 	7.73528E-14	 	11212.4265	25.6158	 
505.0	1.0	0.0	7.96395	7.29521	-8.4294	15.24892	17.61122	1.08253	0.92376	175.84383	167.52356	66.35338	0.32506	 	6.43319E13	 	5.90369E-14	 	11084.55632	25.57404	 
500.0	1.0	0.0	7.96595	7.29339	-8.4523	15.23007	17.54261	1.07978	0.92611	176.18389	167.67901	66.49052	0.32488	 	8.40387E13	 	4.49026E-14	 	10956.89455	25.53236	 
495.0	1.0	0.0	7.96793	7.29157	-8.47515	15.21122	17.47398	1.07701	0.9285	176.52337	167.83363	66.62748	0.3247	 	1.10165E14	 	3.40322E-14	 	10829.44076	25.49076	 
490.0	1.0	0.0	7.96992	7.28975	-8.49796	15.19236	17.40532	1.07422	0.93091	176.86228	167.98744	66.76425	0.32453	 	1.44926E14	 	2.5701E-14	 	10702.19453	25.44925	 
485.0	1.0	0.0	7.9719	7.28794	-8.52071	15.17352	17.33663	1.07141	0.93335	177.20062	168.14043	66.90085	0.32435	 	1.91347E14	 	1.93384E-14	 	10575.15544	25.40782	 
480.0	1.0	0.0	7.97388	7.28613	-8.5434	15.15467	17.2679	1.06858	0.93582	177.53839	168.2926	67.03726	0.32418	 	2.5356999999999997E14	 	1.44967E-14	 	10448.32308	25.36647	 
475.0	1.0	0.0	7.97586	7.28433	-8.56605	15.13583	17.19915	1.06573	0.93832	177.87558	168.44396	67.1735	0.324	 	3.37295E14	 	1.08259E-14	 	10321.69704	25.32521	 
470.0	1.0	0.0	7.97783	7.28253	-8.58865	15.11699	17.13036	1.06286	0.94086	178.2122	168.59451	67.30954	0.32383	 	4.5039E14	 	8.0533E-15	 	10195.27691	25.28403	 
465.0	1.0	0.0	7.9798	7.28073	-8.6112	15.09815	17.06155	1.05997	0.94343	178.54824	168.74425	67.44541	0.32365	 	6.03767E14	 	5.96708E-15	 	10069.06231	25.24292	 
460.0	1.0	0.0	7.98176	7.27894	-8.63369	15.07932	16.99269	1.05705	0.94603	178.8837	168.89318	67.58109	0.32347	 	8.12617E14	 	4.40346E-15	 	9943.05286	25.20189	 
455.0	1.0	0.0	7.98372	7.27715	-8.65613	15.06048	16.92381	1.05412	0.94866	179.21859	169.0413	67.71659	0.3233	 	1.09818E15	 	3.23619E-15	 	9817.24815	25.16094	 
450.0	1.0	0.0	7.98568	7.27537	-8.67853	15.04165	16.85489	1.05116	0.95133	179.5529	169.18862	67.8519	0.32312	 	1.49029E15	 	2.36834E-15	 	9691.64783	25.12006	 
445.0	1.0	0.0	7.98763	7.27359	-8.70087	15.02283	16.78593	1.04818	0.95403	179.88663	169.33513	67.98703	0.32295	 	2.03102E15	 	1.72579E-15	 	9566.25153	25.07926	 
440.0	1.0	0.0	7.98958	7.27181	-8.72316	15.004	16.71694	1.04518	0.95678	180.21978	169.48084	68.12197	0.32277	 	2.77998E15	 	1.25206E-15	 	9441.05887	25.03853	 
435.0	1.0	0.0	7.99153	7.27004	-8.7454	14.98518	16.64791	1.04215	0.95955	180.55235	169.62576	68.25673	0.3226	 	3.82204E15	 	9.04309E-16	 	9316.06952	24.99787	 
430.0	1.0	0.0	7.99348	7.26827	-8.76759	14.96636	16.57885	1.03911	0.96237	180.88434	169.76987	68.3913	0.32242	 	5.27855E15	 	6.50159E-16	 	9191.28312	24.95728	 
425.0	1.0	0.0	7.99542	7.26651	-8.78973	14.94755	16.50974	1.03604	0.96522	181.21574	169.91319	68.52569	0.32225	 	7.32391E15	 	4.65256E-16	 	9066.69937	24.91675	 
420.0	1.0	0.0	7.99735	7.26475	-8.81182	14.92873	16.4406	1.03294	0.96811	181.54656	170.05571	68.65989	0.32207	 	1.02099E16	 	3.31353E-16	 	8942.31789	24.8763	 
415.0	1.0	0.0	7.99929	7.26299	-8.83385	14.90992	16.37142	1.02982	0.97104	181.8768	170.19744	68.7939	0.3219	 	1.43021E16	 	2.34839E-16	 	8818.13851	24.83588	 
410.0	1.0	0.0	8.00121	7.26124	-8.85584	14.89111	16.3022	1.02668	0.97401	182.20646	170.33838	68.92773	0.32172	 	2.01335E16	 	1.65609E-16	 	8694.16111	24.79548	 
405.0	1.0	0.0	8.00314	7.25949	-8.87778	14.87231	16.23293	1.02352	0.97702	182.53553	170.47853	69.06136	0.32155	 	2.84858E16	 	1.16194E-16	 	8570.38561	24.7551	 
400.0	1.0	0.0	8.00506	7.25775	-8.89966	14.8535	16.16363	1.02033	0.98008	182.86401	170.6179	69.19481	0.32137	 	4.05113E16	 	8.11002E-17	 	8446.81188	24.71474	 
395.0	1.0	0.0	8.00698	7.25601	-8.92149	14.8347	16.09428	1.01711	0.98318	183.19191	170.75647	69.32807	0.3212	 	5.7918E16	 	5.6305E-17	 	8323.43988	24.6744	 
390.0	1.0	0.0	8.0089	7.25428	-8.94328	14.81591	16.02488	1.01387	0.98632	183.51922	170.89427	69.46115	0.32102	 	8.32515E16	 	3.88782E-17	 	8200.26952	24.63407	 
385.0	1.0	0.0	8.01081	7.25254	-8.96501	14.79711	15.95545	1.01061	0.9895	183.84595	171.03128	69.59403	0.32085	 	1.20327E17	 	2.66961E-17	 	8077.30075	24.59375	 
380.0	1.0	0.0	8.01272	7.25082	-8.98669	14.77832	15.88596	1.00732	0.99274	184.17208	171.16751	69.72672	0.32067	 	1.74899E17	 	1.82269E-17	 	7954.53351	24.55345	 
375.0	1.0	0.0	8.01462	7.24909	-9.00832	14.75953	15.81643	1.004	0.99602	184.49763	171.30296	69.85923	0.3205	 	2.5569E17	 	1.23722E-17	 	7831.96777	24.51315	 
370.0	1.0	0.0	8.01652	7.24737	-9.0299	14.74074	15.74685	1.00066	0.99934	184.82258	171.43763	69.99154	0.32032	 	3.76016E17	 	8.3482E-18	 	7709.6035	24.47285	 
365.0	1.0	0.0	8.01842	7.24566	-9.05143	14.72196	15.67722	0.99729	1.00272	185.14695	171.57153	70.12366	0.32015	 	5.56318E17	 	5.59869E-18	 	7587.44069	24.43256	 
360.0	1.0	0.0	8.02032	7.24395	-9.07291	14.70318	15.60754	0.99389	1.00615	185.47072	171.70465	70.25559	0.31997	 	8.28183E17	 	3.73136E-18	 	7465.47935	24.39227	 
355.0	1.0	0.0	8.02221	7.24224	-9.09434	14.6844	15.53781	0.99047	1.00963	185.7939	171.83701	70.38734	0.3198	 	1.24074E18	 	2.47098E-18	 	7343.71948	24.35197	 
350.0	1.0	0.0	8.02409	7.24054	-9.11571	14.66562	15.46803	0.98701	1.01316	186.11649	171.96859	70.51889	0.31962	 	1.87091E18	 	1.62565E-18	 	7222.1611	24.31167	 
345.0	1.0	0.0	8.02598	7.23884	-9.13704	14.64685	15.3982	0.98354	1.01674	186.43849	172.0994	70.65024	0.31945	 	2.83994E18	 	1.06236E-18	 	7100.80426	24.27137	 
340.0	1.0	0.0	8.02786	7.23714	-9.15831	14.62808	15.32831	0.98003	1.02038	186.75989	172.22945	70.78141	0.31927	 	4.34034E18	 	6.89493E-19	 	6979.64903	24.23105	 
335.0	1.0	0.0	8.02973	7.23545	-9.17954	14.60931	15.25836	0.97649	1.02407	187.0807	172.35874	70.91238	0.3191	 	6.67984E18	 	4.44356E-19	 	6858.69546	24.19071	 
330.0	1.0	0.0	8.0316	7.23377	-9.20071	14.59054	15.18836	0.97293	1.02783	187.40092	172.48726	71.04316	0.31892	 	1.03541E19	 	2.84315E-19	 	6737.94365	24.15036	 
325.0	1.0	0.0	8.03347	7.23208	-9.22184	14.57178	15.11829	0.96933	1.03164	187.72054	172.61501	71.17375	0.31875	 	1.61675E19	 	1.80574E-19	 	6617.3937	24.10999	 
320.0	1.0	0.0	8.03534	7.2304	-9.24291	14.55302	15.04817	0.96571	1.03551	188.03956	172.74201	71.30415	0.31857	 	2.54351E19	 	1.1382E-19	 	6497.04572	24.06959	 
315.0	1.0	0.0	8.0372	7.22873	-9.26393	14.53426	14.97799	0.96206	1.03944	188.35799	172.86826	71.43435	0.3184	 	4.03248E19	 	7.11873E-20	 	6376.89987	24.02917	 
310.0	1.0	0.0	8.03906	7.22706	-9.2849	14.51551	14.90774	0.95837	1.04343	188.67582	172.99374	71.56436	0.31822	 	6.4438E19	 	4.41698E-20	 	6256.9563	23.98871	 
305.0	1.0	0.0	8.04091	7.22539	-9.30582	14.49675	14.83743	0.95466	1.04749	188.99306	173.11848	71.69417	0.31805	 	1.03809E20	 	2.71828E-20	 	6137.2152	23.94822	 
300.0	1.0	0.0	8.04276	7.22373	-9.32669	14.478	14.76705	0.95091	1.05162	189.3097	173.24246	71.82379	0.31788	 	1.68631E20	 	1.65889E-20	 	6017.67675	23.90769	 
295.0	1.0	0.0	8.04461	7.22207	-9.34751	14.45926	14.6966	0.94714	1.05581	189.62574	173.36569	71.95322	0.3177	 	2.7627999999999997E20	 	1.00369E-20	 	5898.34118	23.86711	 
290.0	1.0	0.0	8.04645	7.22042	-9.36828	14.44051	14.62608	0.94333	1.06008	189.94118	173.48817	72.08245	0.31753	 	4.5663599999999993E20	 	6.01923E-21	 	5779.20873	23.82649	 
285.0	1.0	0.0	8.04829	7.21877	-9.389	14.42177	14.5555	0.93949	1.06441	190.25602	173.6099	72.21148	0.31735	 	7.61553E20	 	3.57715E-21	 	5660.27967	23.78581	 
280.0	1.0	0.0	8.05013	7.21712	-9.40967	14.40303	14.48484	0.93561	1.06882	190.57026	173.73089	72.34032	0.31718	 	1.28188E21	 	2.10612E-21	 	5541.55429	23.74508	 
275.0	1.0	0.0	8.05196	7.21548	-9.43029	14.38429	14.4141	0.9317	1.0733	190.88391	173.85114	72.46897	0.317	 	2.1783000000000001E21	 	1.2282E-21	 	5423.0329	23.70428	 
270.0	1.0	0.0	8.05379	7.21384	-9.45085	14.36556	14.34329	0.92776	1.07786	191.19696	173.97065	72.59742	0.31683	 	3.7379E21	 	7.09216E-22	 	5304.71585	23.66341	 
265.0	1.0	0.0	8.05562	7.2122	-9.47137	14.34683	14.27239	0.92379	1.0825	191.5094	174.08942	72.72567	0.31666	 	6.47883E21	 	4.05409E-22	 	5186.60351	23.62247	 
260.0	1.0	0.0	8.05744	7.21057	-9.49184	14.3281	14.20142	0.91978	1.08722	191.82125	174.20745	72.85373	0.31648	 	1.1346099999999999E22	 	2.29346E-22	 	5068.69627	23.58145	 
255.0	1.0	0.0	8.05926	7.20895	-9.51225	14.30937	14.13036	0.91574	1.09202	192.13249	174.32475	72.98159	0.31631	 	2.0081699999999997E22	 	1.28364E-22	 	4950.99456	23.54034	 
250.0	1.0	0.0	8.06107	7.20732	-9.53262	14.29065	14.05922	0.91166	1.0969	192.44314	174.44131	73.10926	0.31613	 	3.5933299999999997E22	 	7.10584E-23	 	4833.49885	23.49914	 
245.0	1.0	0.0	8.06288	7.20571	-9.55293	14.27193	13.98799	0.90754	1.10188	192.75318	174.55715	73.23673	0.31596	 	6.5023499999999995E22	 	3.8893E-23	 	4716.20963	23.45784	 
240.0	1.0	0.0	8.06469	7.20409	-9.57319	14.25321	13.91667	0.90339	1.10694	193.06263	174.67225	73.364	0.31579	 	1.1903199999999999E23	 	2.10411E-23	 	4599.12742	23.41644	 
235.0	1.0	0.0	8.06649	7.20248	-9.59341	14.2345	13.84526	0.8992	1.1121	193.37147	174.78663	73.49108	0.31561	 	2.20507E23	 	1.12475E-23	 	4482.2528	23.37492	 
230.0	1.0	0.0	8.06829	7.20087	-9.61357	14.21579	13.77375	0.89498	1.11735	193.67972	174.90029	73.61796	0.31544	 	4.1352799999999996E23	 	5.93854E-24	 	4365.58636	23.33329	 
225.0	1.0	0.0	8.07009	7.19927	-9.63368	14.19708	13.70214	0.89071	1.1227	193.98736	175.01322	73.74464	0.31526	 	7.853589999999999E23	 	3.09584E-24	 	4249.12875	23.29152	 
220.0	1.0	0.0	8.07188	7.19767	-9.65375	14.17837	13.63043	0.88641	1.12814	194.2944	175.12543	73.87113	0.31509	 	1.51106E24	 	1.59289E-24	 	4132.88065	23.24962	 
215.0	1.0	0.0	8.07367	7.19608	-9.67376	14.15966	13.55862	0.88207	1.13369	194.60084	175.23692	73.99742	0.31492	 	2.94656E24	 	8.08583E-25	 	4016.8428	23.20757	 
210.0	1.0	0.0	8.07545	7.19449	-9.69372	14.14096	13.4867	0.87769	1.13935	194.90668	175.3477	74.12351	0.31474	 	5.82576E24	 	4.04777E-25	 	3901.01596	23.16537	 
205.0	1.0	0.0	8.07723	7.1929	-9.71363	14.12226	13.41467	0.87327	1.14512	195.21193	175.45777	74.24941	0.31457	 	1.16837E25	 	1.99742E-25	 	3785.40096	23.123	 
200.0	1.0	0.0	8.07901	7.19132	-9.73349	14.10357	13.34252	0.86881	1.15099	195.51657	175.56712	74.37511	0.3144	 	2.37792E25	 	9.71153E-26	 	3669.99867	23.08046	 
195.0	1.0	0.0	8.08078	7.18974	-9.7533	14.08487	13.27026	0.86431	1.15699	195.82061	175.67577	74.50061	0.31422	 	4.91368E25	 	4.65013E-26	 	3554.81001	23.03773	 
190.0	1.0	0.0	8.08255	7.18817	-9.77306	14.06618	13.19788	0.85977	1.1631	196.12406	175.7837	74.62591	0.31405	 	1.03139E26	 	2.19173E-26	 	3439.83599	22.9948	 
185.0	1.0	0.0	8.08432	7.1866	-9.79277	14.04749	13.12537	0.85519	1.16933	196.4269	175.89094	74.75102	0.31387	 	2.2002100000000003E26	 	1.01632E-26	 	3325.07763	22.95167	 
180.0	1.0	0.0	8.08608	7.18503	-9.81243	14.02881	13.05274	0.85056	1.17569	196.72915	175.99747	74.87594	0.3137	 	4.7727500000000006E26	 	4.63405E-27	 	3210.53603	22.90832	 
175.0	1.0	0.0	8.08784	7.18347	-9.83204	14.01012	12.97997	0.84589	1.18218	197.0308	176.10331	75.00065	0.31353	 	1.0533599999999999E27	 	2.07651E-27	 	3096.21238	22.86473	 
170.0	1.0	0.0	8.08959	7.18191	-9.8516	13.99144	12.90706	0.84118	1.1888	197.33186	176.20845	75.12517	0.31335	 	2.3667E27	 	9.1389E-28	 	2982.1079	22.8209	 
165.0	1.0	0.0	8.09135	7.18036	-9.8711	13.97276	12.83402	0.83642	1.19557	197.63232	176.31289	75.2495	0.31318	 	5.416689999999999E27	 	3.94798E-28	 	2868.22392	22.7768	 
160.0	1.0	0.0	8.09309	7.17881	-9.89056	13.95409	12.76082	0.83162	1.20247	197.93218	176.41665	75.37363	0.31301	 	1.26365E28	 	1.67301E-28	 	2754.56181	22.73242	 
155.0	1.0	0.0	8.09484	7.17726	-9.90997	13.93542	12.68748	0.82677	1.20952	198.23145	176.51971	75.49756	0.31283	 	3.00685E28	 	6.94978E-29	 	2641.12305	22.68775	 
150.0	1.0	0.0	8.09658	7.17572	-9.92933	13.91675	12.61398	0.82188	1.21672	198.53013	176.6221	75.6213	0.31266	 	7.30288E28	 	2.82805E-29	 	2527.90919	22.64277	 
145.0	1.0	0.0	8.09831	7.17418	-9.94863	13.89808	12.54031	0.81694	1.22408	198.82821	176.7238	75.74484	0.31249	 	1.8117300000000003E29	 	1.12649E-29	 	2414.92189	22.59746	 
140.0	1.0	0.0	8.10004	7.17265	-9.96789	13.87941	12.46648	0.81195	1.2316	199.12571	176.82482	75.86819	0.31231	 	4.5945400000000004E29	 	4.38886E-30	 	2302.16287	22.5518	 
135.0	1.0	0.0	8.10177	7.17112	-9.9871	13.86075	12.39248	0.80691	1.23929	199.42261	176.92516	75.99134	0.31214	 	1.19205E30	 	1.67114E-30	 	2189.63397	22.50578	 
130.0	1.0	0.0	8.1035	7.16959	-10.00625	13.84209	12.3183	0.80183	1.24715	199.71893	177.02484	76.1143	0.31197	 	3.16677E30	 	6.21352E-31	 	2077.33716	22.45936	 
125.0	1.0	0.0	8.10522	7.16807	-10.02536	13.82344	12.24393	0.79669	1.25519	200.01466	177.12384	76.23707	0.31179	 	8.621749999999999E30	 	2.25392E-31	 	1965.27449	22.41253	 
120.0	1.0	0.0	8.10693	7.16655	-10.04441	13.80478	12.16937	0.79151	1.26341	200.30981	177.22218	76.35965	0.31162	 	2.4079E31	 	7.96905E-32	 	1853.44814	22.36527	 
115.0	1.0	0.0	8.10865	7.16504	-10.06342	13.78613	12.09461	0.78627	1.27182	200.60438	177.31985	76.48203	0.31145	 	6.90516E31	 	2.74355E-32	 	1741.86041	22.31754	 
110.0	1.0	0.0	8.11036	7.16353	-10.08237	13.76748	12.01964	0.78099	1.28043	200.89836	177.41687	76.60423	0.31127	 	2.0354E32	 	9.18768E-33	 	1630.51375	22.26933	 
105.0	1.0	0.0	8.11206	7.16202	-10.10128	13.74884	11.94445	0.77565	1.28925	201.19177	177.51323	76.72623	0.3111	 	6.17364E32	 	2.98958E-33	 	1519.41075	22.2206	 
100.0	1.0	0.0	8.11376	7.16052	-10.12013	13.73019	11.86904	0.77025	1.29827	201.4846	177.60895	76.84804	0.31093	 	1.92906E33	 	9.44112E-34	 	1408.55413	22.17132	 
95.0	1.0	0.0	8.11546	7.15902	-10.13894	13.71155	11.7934	0.76481	1.30752	201.77686	177.70401	76.96967	0.31076	 	6.21716E33	 	2.89014E-34	 	1297.94679	22.12147	 
90.0	1.0	0.0	8.11716	7.15753	-10.15769	13.69291	11.71751	0.75931	1.31699	202.06855	177.79844	77.09111	0.31058	 	2.0693500000000001E34	 	8.56524E-35	 	1187.59181	22.071	 
85.0	1.0	0.0	8.11885	7.15604	-10.1764	13.67428	11.64138	0.75375	1.3267	202.35967	177.89222	77.21236	0.31041	 	7.12289E34	 	2.45412E-35	 	1077.49242	22.01988	 
80.0	1.0	0.0	8.12053	7.15455	-10.19505	13.65565	11.56498	0.74814	1.33666	202.65023	177.98538	77.33343	0.31024	 	2.5390999999999997E35	 	6.78837E-36	 	967.65208	21.96807	 
75.0	1.0	0.0	8.12222	7.15307	-10.21366	13.63701	11.4883	0.74247	1.34686	202.94023	178.0779	77.45431	0.31006	 	9.38772E35	 	1.81006E-36	 	858.07442	21.91553	 
70.0	1.0	0.0	8.12389	7.15159	-10.23221	13.61839	11.41135	0.73674	1.35733	203.22967	178.1698	77.57501	0.30989	 	3.60569E36	 	4.64496E-37	 	748.76333	21.86222	 
65.0	1.0	0.0	8.12557	7.15011	-10.25071	13.59976	11.33409	0.73095	1.36808	203.51856	178.26109	77.69553	0.30972	 	1.4411199999999999E37	 	1.14524E-37	 	639.72288	21.80809	 
60.0	1.0	0.0	8.12724	7.14864	-10.26917	13.58114	11.25652	0.72511	1.37911	203.8069	178.35176	77.81587	0.30955	 	6.00446E37	 	2.70802E-38	 	530.95744	21.75309	 
55.0	1.0	0.0	8.12891	7.14718	-10.28757	13.56252	11.17863	0.7192	1.39043	204.0947	178.44183	77.93603	0.30937	 	2.61297E38	 	6.1295E-39	 	422.47162	21.69716	 
50.0	1.0	0.0	8.13057	7.14572	-10.30593	13.54391	11.1004	0.71323	1.40207	204.38196	178.5313	78.05601	0.3092	 	1.1900300000000001E39	 	1.32536E-39	 	314.27031	21.64026	 
45.0	1.0	0.0	8.13223	7.14426	-10.32423	13.52529	11.02181	0.7072	1.41402	204.66869	178.62017	78.17582	0.30903	 	5.684300000000001E39	 	2.73175E-40	 	206.35871	21.58232	 
40.0	1.0	0.0	8.13389	7.1428	-10.34248	13.50668	10.94285	0.70111	1.4263	204.95489	178.70846	78.29546	0.30886	 	2.85419E40	 	5.35496E-41	 	98.74235	21.52327	 
35.0	1.0	0.0	8.13554	7.14135	-10.36069	13.48807	10.8635	0.69496	1.43894	205.24057	178.79617	78.41494	0.30868	 	1.5101900000000001E41	 	9.95905E-42	 	-8.57292	21.46305	 
30.0	1.0	0.0	8.13719	7.13991	-10.37884	13.46946	10.78374	0.68874	1.45193	205.52574	178.8833	78.53424	0.30851	 	8.44203E41	 	1.75266E-42	 	-115.58084	21.40159	 
25.0	1.0	0.0	8.13883	7.13846	-10.39694	 	10.70355	0.68245	1.4653	205.8104	178.96988	78.65338	0.30834	 	4.99955E42	 	2.91065E-43	 	-222.27481	 	 
