T (C)	Fraction solid (wt)-TOTAL	Fraction liquid (wt)-LIQUID	Density (g/(cm)^3)-TOTAL	Volume change (%)-  	Average expansion coeff. (10e-6 1/K)-  	Thermal conductivity (W/(m*K))-TOTAL	Electrical conductivity (10e6 1/(Ohm*m))-TOTAL	Young's modulus (GPa)-TOTAL	Poisson's ratio-TOTAL	Enthalpy (J/mole)-TOTAL	Specific heat (J/(mole K))-TOTAL	Latent heat (J/mole)-TOTAL
400.0	0.0	1.0	8.29685	0.0	53.51437	26.74903	1.62192	0.0	0.5	18386.028	 	0.0
395.0	0.0	1.0	8.30141	-0.0549853	53.71235	26.66079	1.62867	0.0	0.5	18239.998	29.206	0.0
390.0	0.0	1.0	8.30596	-0.10975	53.9179	26.57256	1.63552	0.0	0.5	18093.914	29.2168	0.0
385.0	0.0	1.0	8.3105	-0.16429	54.13133	26.48432	1.64247	0.0	0.5	17947.772	29.2284	0.0
380.0	0.0	1.0	8.31502	-0.21861	54.35297	26.39609	1.64953	0.0	0.5	17801.571	29.2402	0.0
375.0	0.0	1.0	8.31954	-0.27271	54.58318	26.30785	1.6567	0.0	0.5	17655.306	29.253	0.0
370.0	0.0	1.0	8.32403	-0.32659	54.82233	26.21962	1.66398	0.0	0.5	17508.975	29.2662	0.0
365.0	0.0	1.0	8.32852	-0.38025	55.07081	26.13138	1.67137	0.0	0.5	17362.574	29.2802	0.0
360.0	0.0	1.0	8.33299	-0.43369	55.32904	26.04315	1.67888	0.0	0.5	17216.099	29.295	0.0
355.0	0.0	1.0	8.33744	-0.4869	55.59747	25.95491	1.68651	0.0	0.5	17069.547	29.3104	0.0
350.0	0.0	1.0	8.34188	-0.5399	55.87656	25.86668	1.69427	0.0	0.5	16922.913	29.3268	0.0
345.0	0.0	1.0	8.34631	-0.59267	56.16681	25.77844	1.70215	0.0	0.5	16776.194	29.3438	0.0
340.0	0.0	1.0	8.35073	-0.64522	56.46877	25.69021	1.71015	0.0	0.5	16629.384	29.362	0.0
335.0	0.0	1.0	8.35513	-0.69755	56.78298	25.60197	1.71829	0.0	0.5	16482.48	29.3808	0.0
330.0	0.0	1.0	8.35951	-0.74966	57.11006	25.51374	1.72656	0.0	0.5	16335.477	29.4006	0.0
325.0	0.0	1.0	8.36389	-0.80155	57.45065	25.4255	1.73498	0.0	0.5	16188.393	29.4168	0.0
320.0	0.0	1.0	8.36825	-0.85322	57.80543	25.33727	1.74353	0.0	0.5	16041.386	29.4014	0.0
315.0	0.0	1.0	8.37259	-0.90466	58.17515	25.24903	1.75223	0.0	0.5	15894.472	29.3828	0.0
310.0	0.0	1.0	8.37692	-0.95589	58.56058	25.16079	1.76108	0.0	0.5	15747.64	29.3664	0.0
305.0	0.0	1.0	8.38124	-1.00689	58.96256	25.07256	1.77008	0.0	0.5	15600.881	29.3518	0.0
300.0	0.0	1.0	8.38554	-1.05767	59.38201	24.98432	1.77923	0.0	0.5	15454.183	29.3396	0.0
295.0	0.0	1.0	8.38983	-1.10824	59.81989	24.89609	1.78855	0.0	0.5	15307.537	29.3292	0.0
290.0	0.0	1.0	8.3941	-1.15858	60.27724	24.80785	1.79804	0.0	0.5	15160.931	29.3212	0.0
285.0	0.0	1.0	8.39836	-1.20869	60.75519	24.71962	1.80769	0.0	0.5	15014.354	29.3154	0.0
280.0	0.0	1.0	8.4026	-1.25859	61.25495	24.63138	1.81752	0.0	0.5	14867.794	29.312	0.0
275.0	0.0	1.0	8.40683	-1.30827	61.77782	24.54315	1.82753	0.0	0.5	14721.241	29.3106	0.0
270.0	0.0	1.0	8.41105	-1.35772	62.32523	24.45491	1.83772	0.0	0.5	14574.681	29.312	0.0
265.0	0.0	1.0	8.41525	-1.40696	62.8987	24.36668	1.84811	0.0	0.5	14428.104	29.3154	0.0
260.0	0.0	1.0	8.41943	-1.45597	63.49991	24.27844	1.85868	0.0	0.5	14281.495	29.3218	0.0
255.0	0.0	1.0	8.4236	-1.50476	64.13065	24.19021	1.86946	0.0	0.5	14134.844	29.3302	0.0
250.0	0.0	1.0	8.42776	-1.55333	64.7929	24.10197	1.88044	0.0	0.5	13988.135	29.3418	0.0
245.0	0.0	1.0	8.4319	-1.60168	65.4888	24.01374	1.89164	0.0	0.5	13841.356	29.3558	0.0
240.0	0.0	1.0	8.43602	-1.64981	66.22071	23.9255	1.90305	0.0	0.5	13694.492	29.3728	0.0
235.0	0.0	1.0	8.44014	-1.69771	66.9912	23.83727	1.91469	0.0	0.5	13547.53	29.3924	0.0
230.0	0.0	1.0	8.44423	-1.7454	67.80308	23.74903	1.92656	0.0	0.5	13400.477	29.4106	0.0
225.0	0.0	1.0	8.44831	-1.79286	68.65947	23.6608	1.93867	0.0	0.5	13253.567	29.382	0.0
220.0	0.0	1.0	8.45238	-1.8401	69.56378	23.57256	1.95102	0.0	0.5	13106.87	29.3394	0.0
215.0	0.0	1.0	8.45643	-1.88713	70.5198	23.48433	1.96363	0.0	0.5	12960.394	29.2952	0.0
210.0	0.0	1.0	8.46047	-1.93393	71.53173	23.39609	1.97649	0.0	0.5	12814.146	29.2496	0.0
205.0	0.0	1.0	8.46449	-1.9805	72.60422	23.30786	1.98963	0.0	0.5	12668.135	29.2022	0.0
204.25	0.0	1.0	8.46509	-1.98749	72.77095	23.2946	1.99163	0.0	0.5	12646.211	29.1748	0.0
200.0	0.05281	0.94719	8.47578	-2.1115	72.03329	23.79439	2.05263	6.94645E-5	0.49641	12315.884	77.7509	206.484
195.0	0.10658	0.89342	8.48718	-2.24242	71.43025	24.31216	2.11969	0.0011787	0.49272	11958.045	71.5678	418.809
190.0	0.15287	0.84713	8.49746	-2.36167	71.04078	24.76506	2.18249	0.00509473	0.48952	11628.085	65.992	603.513
185.0	0.19305	0.80695	8.50686	-2.46878	70.89496	25.16411	2.24186	0.0132187	0.48673	11321.232	61.3706	765.376
182.85	0.2087	0.7913	8.51068	-2.51227	70.88713	25.32096	2.26647	0.0182047	0.48563	11195.413	 	828.915
180.66	0.22998	0.77002	8.51508	-2.56326	70.72775	25.56579	2.29944	0.0266906	0.48394	11011.715	 	949.191
180.66	1.0	0.0	8.69478	-4.57721	25.00338	42.60646	3.83211	26.51683	0.3897	5872.894	 	6088.012
175.0	1.0	0.0	8.69863	-4.61945	24.95123	42.71279	3.89017	26.90804	0.3897	5707.993	561.324	 
170.0	1.0	0.0	8.70202	-4.65664	24.90529	42.80787	3.94282	27.25036	0.3897	5562.649	29.0688	 
165.0	1.0	0.0	8.7054	-4.69369	24.85951	42.90401	3.99677	27.58948	0.3897	5417.673	28.9952	 
160.0	1.0	0.0	8.70878	-4.7306	24.81388	43.00126	4.05207	27.92539	0.3897	5273.067	28.9212	 
155.0	1.0	0.0	8.71214	-4.76738	24.76839	43.09965	4.10877	28.25811	0.3897	5128.832	28.847	 
150.0	1.0	0.0	8.71549	-4.80403	24.72306	43.19924	4.16692	28.58764	0.3897	4984.969	28.7726	 
145.0	1.0	0.0	8.71884	-4.84054	24.67787	43.30006	4.22659	28.91398	0.3897	4841.478	28.6982	 
140.0	1.0	0.0	8.72217	-4.87692	24.63283	43.40216	4.28783	29.23714	0.3897	4698.361	28.6234	 
135.0	1.0	0.0	8.7255	-4.91317	24.58794	43.50558	4.3507	29.55711	0.38969	4555.618	28.5486	 
130.0	1.0	0.0	8.72881	-4.94929	24.5432	43.61039	4.41527	29.87391	0.38969	4413.25	28.4736	 
125.0	1.0	0.0	8.73212	-4.98528	24.49861	43.71662	4.48161	30.18753	0.38969	4271.257	28.3986	 
120.0	1.0	0.0	8.73542	-5.02113	24.45417	43.82434	4.54979	30.49798	0.38969	4129.64	28.3234	 
115.0	1.0	0.0	8.7387	-5.05686	24.40988	43.93361	4.61989	30.80526	0.38969	3988.4	28.248	 
110.0	1.0	0.0	8.74198	-5.09246	24.36574	44.04448	4.69198	31.10937	0.38969	3847.536	28.1728	 
105.0	1.0	0.0	8.74525	-5.12792	24.32174	44.15703	4.76617	31.41031	0.38969	3707.048	28.0976	 
100.0	1.0	0.0	8.74851	-5.16327	24.2779	44.27131	4.84254	31.70809	0.38969	3566.937	28.0222	 
95.0	1.0	0.0	8.75176	-5.19848	24.2342	44.38741	4.92118	32.00271	0.38969	3427.203	27.9468	 
90.0	1.0	0.0	8.755	-5.23357	24.19066	44.50539	5.00219	32.29417	0.38968	3287.844	27.8718	 
85.0	1.0	0.0	8.75823	-5.26853	24.14726	44.62534	5.0857	32.58247	0.38968	3148.862	27.7964	 
80.0	1.0	0.0	8.76145	-5.30337	24.10401	44.74734	5.1718	32.86761	0.38968	3010.254	27.7216	 
75.0	1.0	0.0	8.76466	-5.33808	24.06091	44.87148	5.26063	33.1496	0.38968	2872.02	27.6468	 
70.0	1.0	0.0	8.76787	-5.37267	24.01796	44.99785	5.35232	33.42844	0.38968	2734.16	27.572	 
65.0	1.0	0.0	8.77106	-5.40714	23.97516	45.12656	5.44699	33.70412	0.38968	2596.671	27.4978	 
60.0	1.0	0.0	8.77425	-5.44148	23.93251	45.25771	5.54481	33.97665	0.38968	2459.553	27.4236	 
55.0	1.0	0.0	8.77742	-5.4757	23.89	45.39141	5.64593	34.24602	0.38968	2322.803	27.35	 
50.0	1.0	0.0	8.78059	-5.5098	23.84765	45.52779	5.75051	34.51225	0.38968	2186.42	27.2766	 
45.0	1.0	0.0	8.78375	-5.54378	23.80544	45.66696	5.85874	34.77533	0.38968	2050.402	27.2036	 
40.0	1.0	0.0	8.7869	-5.57764	23.76338	45.80906	5.9708	35.03526	0.38967	1914.745	27.1314	 
35.0	1.0	0.0	8.79004	-5.61138	23.72147	45.95424	6.08692	35.29205	0.38967	1779.447	27.0596	 
30.0	1.0	0.0	8.79317	-5.645	23.6797	46.10264	6.20729	35.54568	0.38967	1644.504	26.9886	 
25.0	1.0	0.0	8.7963	-5.6785	 	46.25443	6.33217	35.79618	0.38967	1509.913	 	 
