T (C)	Fraction solid (wt)-TOTAL	Fraction liquid (wt)-LIQUID	Density (g/(cm)^3)-TOTAL	Molar volume (cm^3)-TOTAL	Volume change (%)-  	Average expansion coeff. (10e-6 1/K)-  	Thermal conductivity (W/(m*K))-TOTAL	Electrical resistivity (10e-6 Ohm*m)-TOTAL	Electrical conductivity (10e6 1/(Ohm*m))-TOTAL	Young's modulus (GPa)-TOTAL	Bulk modulus (GPa)-TOTAL	Shear modulus(GPa)-TOTAL	Poisson's ratio-TOTAL	Liquid viscosity (mPa s)-  	Total viscosity (mPa s)-  	Liquid diffusivity (10e-9 (m^2)/s)-  	Total diffusivity (10e-9 (m^2)/s)-  	Surface Tension (mN/m)-  	Enthalpy (J/mole)-TOTAL	Specific heat (J/(mole K))-TOTAL	Latent heat (J/mole)-TOTAL
1500.0	0.0	1.0	6.46264	8.14422	0.0	44.25498	31.31861	1.84485	0.54205	0.0	101.49922	0.0	0.49998	5.18984	5.18984	1.66755	1.66755	1576.9293	50346.898	 	0.0
1495.0	0.0	1.0	6.46661	8.13923	-0.061274	44.23935	31.24647	1.84389	0.54233	0.0	101.66437	0.0	0.49998	5.23309	5.23309	1.6491	1.6491	1577.53014	50138.209	41.7378	0.0
1490.0	0.0	1.0	6.47056	8.13425	-0.12241	44.224	31.17431	1.84294	0.54261	0.0	101.82952	0.0	0.49998	5.27694	5.27694	1.63078	1.63078	1578.11428	49929.882	41.6654	0.0
1485.0	0.0	1.0	6.47452	8.12928	-0.1834	44.20893	31.10214	1.84197	0.5429	0.0	101.99467	0.0	0.49998	5.32141	5.32141	1.61256	1.61256	1578.6816	49721.914	41.5936	0.0
1480.0	0.0	1.0	6.47847	8.12433	-0.24425	44.19415	31.02996	1.84101	0.54318	0.0	102.15983	0.0	0.49998	5.36651	5.36651	1.59446	1.59446	1579.23197	49514.302	41.5224	0.0
1475.0	0.0	1.0	6.48241	8.11938	-0.30496	44.17964	30.95777	1.84004	0.54347	0.0	102.32498	0.0	0.49998	5.41225	5.41225	1.57648	1.57648	1579.76526	49307.044	41.4516	0.0
1470.0	0.0	1.0	6.48635	8.11445	-0.36553	44.16543	30.88557	1.83906	0.54375	0.0	102.49013	0.0	0.49998	5.45866	5.45866	1.5586	1.5586	1580.28133	49100.137	41.3814	0.0
1465.0	0.0	1.0	6.49029	8.10953	-0.42596	44.1515	30.81336	1.83809	0.54404	0.0	102.65528	0.0	0.49998	5.50573	5.50573	1.54085	1.54085	1580.78005	48893.579	41.3116	0.0
1460.0	0.0	1.0	6.49422	8.10462	-0.48625	44.13787	30.74114	1.8371	0.54433	0.0	102.82044	0.0	0.49998	5.55348	5.55348	1.5232	1.5232	1581.26131	48687.368	41.2422	0.0
1455.0	0.0	1.0	6.49815	8.09972	-0.5464	44.12453	30.66891	1.83612	0.54463	0.0	102.98559	0.0	0.49998	5.60192	5.60192	1.50567	1.50567	1581.72496	48481.501	41.1734	0.0
1450.0	0.0	1.0	6.50207	8.09483	-0.60641	44.1115	30.59667	1.83513	0.54492	0.0	103.15074	0.0	0.49998	5.65107	5.65107	1.48826	1.48826	1582.17089	48276.03	41.0942	0.0
1445.0	0.0	1.0	6.50599	8.08996	-0.66628	44.09877	30.52441	1.83414	0.54522	0.0	103.31589	0.0	0.49998	5.70095	5.70095	1.47096	1.47096	1582.59896	48071.045	40.997	0.0
1440.0	0.0	1.0	6.50991	8.08509	-0.726	44.08634	30.45215	1.83314	0.54551	0.0	103.48105	0.0	0.49998	5.75155	5.75155	1.45377	1.45377	1583.00906	47866.532	40.9026	0.0
1435.0	0.0	1.0	6.51381	8.08024	-0.78559	44.07423	30.37988	1.83214	0.54581	0.0	103.6462	0.0	0.49998	5.80291	5.80291	1.4367	1.4367	1583.40106	47662.488	40.8088	0.0
1430.0	0.0	1.0	6.51772	8.0754	-0.84503	44.06242	30.30759	1.83113	0.54611	0.0	103.81135	0.0	0.49998	5.85503	5.85503	1.41974	1.41974	1583.77484	47458.909	40.7158	0.0
1425.0	0.0	1.0	6.52162	8.07057	-0.90434	44.05094	30.2353	1.83012	0.54641	0.0	103.9765	0.0	0.49998	5.90794	5.90794	1.4029	1.4029	1584.13028	47255.792	40.6234	0.0
1420.0	0.0	1.0	6.52552	8.06575	-0.9635	44.03977	30.16299	1.82911	0.54672	0.0	104.14165	0.0	0.49998	5.96163	5.96163	1.38617	1.38617	1584.46726	47053.135	40.5314	0.0
1415.0	0.0	1.0	6.52941	8.06094	-1.02253	44.02893	30.09068	1.82809	0.54702	0.0	104.30681	0.0	0.49998	6.01614	6.01614	1.36956	1.36956	1584.78567	46850.933	40.4404	0.0
1410.0	0.0	1.0	6.53329	8.05615	-1.08141	44.01841	30.01835	1.82706	0.54733	0.0	104.47196	0.0	0.49998	6.07147	6.07147	1.35306	1.35306	1585.08539	46649.179	40.3508	0.0
1405.0	0.0	1.0	6.53718	8.05136	-1.14015	44.00822	29.94601	1.82604	0.54763	0.0	104.63711	0.0	0.49998	6.12765	6.12765	1.33667	1.33667	1585.3663	46447.865	40.2628	0.0
1400.0	0.0	1.0	6.54105	8.04659	-1.19875	43.99837	29.87367	1.82501	0.54794	0.0	104.80226	0.0	0.49998	6.18468	6.18468	1.3204	1.3204	1585.6283	46246.986	40.1758	0.0
1395.0	0.0	1.0	6.54493	8.04183	-1.25721	43.98885	29.80131	1.82397	0.54825	0.0	104.96742	0.0	0.49998	6.2426	6.2426	1.30424	1.30424	1585.87127	46046.54	40.0892	0.0
1390.0	0.0	1.0	6.54879	8.03708	-1.31553	43.97968	29.72894	1.82293	0.54857	0.0	105.13257	0.0	0.49998	6.30141	6.30141	1.28819	1.28819	1586.09511	45846.523	40.0034	0.0
1385.0	0.0	1.0	6.55266	8.03234	-1.37371	43.97085	29.65656	1.82188	0.54888	0.0	105.29772	0.0	0.49998	6.36113	6.36113	1.27226	1.27226	1586.29972	45646.934	39.9178	0.0
1380.0	0.0	1.0	6.55652	8.02762	-1.43175	43.96237	29.58417	1.82084	0.5492	0.0	105.46287	0.0	0.49998	6.42179	6.42179	1.25644	1.25644	1586.48499	45447.769	39.833	0.0
1375.0	0.0	1.0	6.56037	8.0229	-1.48965	43.95424	29.51177	1.81978	0.54952	0.0	105.62803	0.0	0.49998	6.48339	6.48339	1.24074	1.24074	1586.65082	45249.026	39.7486	0.0
1370.0	0.0	1.0	6.56422	8.0182	-1.5474	43.94646	29.43936	1.81872	0.54984	0.0	105.79318	0.0	0.49998	6.54597	6.54597	1.22515	1.22515	1586.79711	45050.703	39.6646	0.0
1365.0	0.0	1.0	6.56806	8.0135	-1.60502	43.93905	29.36694	1.81766	0.55016	0.0	105.95833	0.0	0.49998	6.60954	6.60954	1.20968	1.20968	1586.92377	44852.796	39.5814	0.0
1360.0	0.0	1.0	6.5719	8.00882	-1.6625	43.932	29.2945	1.81659	0.55048	0.0	106.12348	0.0	0.49998	6.67413	6.67413	1.19431	1.19431	1587.0307	44655.302	39.4988	0.0
1355.0	0.0	1.0	6.57573	8.00415	-1.71983	43.92533	29.22206	1.81552	0.55081	0.0	106.28864	0.0	0.49998	6.73974	6.73974	1.17907	1.17907	1587.11783	44458.221	39.4162	0.0
1350.0	0.0	1.0	6.57956	7.9995	-1.77703	43.91902	29.14961	1.81444	0.55113	0.0	106.45379	0.0	0.49998	6.80641	6.80641	1.16393	1.16393	1587.18505	44261.548	39.3346	0.0
1347.26	0.0	1.0	6.58166	7.99695	-1.80828	43.91573	29.10993	1.81385	0.55131	0.0	106.54422	0.0	0.49998	6.84337	6.84337	1.15569	1.15569	1587.2134	44154.032	39.2721	0.0020
1345.0	0.0056	0.9944	6.588	7.98921	-1.90332	43.70401	29.1213	1.81061	0.5523	9.73346E-8	106.67197	3.24646E-8	0.49909	6.88533	6.88533	1.14705	1.14705	1587.39412	43898.775	112.832	166.512
1340.0	0.01764	0.98236	6.60166	7.97265	-2.10666	43.25379	29.14438	1.80359	0.55445	9.66095E-6	106.95426	3.22637E-6	0.49719	6.97888	6.97888	1.12817	1.12817	1587.76147	43345.947	110.566	523.477
1335.0	0.02921	0.97079	6.61501	7.95664	-2.3032	42.82086	29.1646	1.79675	0.55656	7.34136E-5	107.23833	2.45473E-5	0.49535	7.07411	7.07411	1.10954	1.10954	1588.09085	42804.275	108.334	869.689
1330.0	0.04035	0.95965	6.6279	7.94109	-2.49414	42.4017	29.18184	1.79011	0.55863	2.69945E-4	107.51933	9.03693E-5	0.49357	7.17055	7.17055	1.09121	1.09121	1588.38445	42284.341	103.987	1194.561
1325.0	0.0510901	0.94891	6.64044	7.92618	-2.67725	42.00332	29.19682	1.78361	0.56066	7.00024E-4	107.80225	2.34616E-4	0.49185	7.26849	7.26849	1.07315	1.07315	1588.64007	41773.839	102.1	1510.398
1320.0	0.0614402	0.93856	6.65266	7.91163	-2.85596	41.61541	29.20892	1.77729	0.56265	0.00147768	108.08355	4.95804E-4	0.49018	7.36801	7.36801	1.05534	1.05534	1588.86273	41275.839	99.6	1814.127
1315.0	0.0714203	0.92858	6.66457	7.89741	-3.03052	41.23732	29.21845	1.77114	0.56461	0.00272403	108.36368	9.14987E-4	0.48856	7.46915	7.46915	1.03778	1.03778	1589.05337	40789.645	97.2388	2106.442
1310.0	0.0810605	0.91894	6.67619	7.8838	-3.19762	40.87942	29.22624	1.76509	0.56654	0.00456134	108.64636	0.00153374	0.487	7.57186	7.57186	1.02048	1.02048	1589.20815	40314.616	95.0058	2387.982
1305.0	0.0903807	0.90962	6.68746	7.87042	-3.36193	40.52744	29.23117	1.75922	0.56843	0.00711084	108.92552	0.00239346	0.48547	7.67613	7.67613	1.00344	1.00344	1589.33382	39850.158	92.8916	2659.338
1300.0	0.0993911	0.90061	6.69849	7.85746	-3.52109	40.18878	29.23426	1.75346	0.5703	0.0104889	109.20577	0.00353401	0.48399	7.78213	7.78213	0.98664	0.98664	1589.42775	39395.723	90.887	2921.056
1298.35	0.1023	0.8977	6.70211	7.85322	-3.57313	40.07804	29.23492	1.75158	0.57091	0.0118073	109.29858	0.0039795	0.48351	7.81766	7.81766	0.98112	0.98112	1589.45314	39247.71	 	3005.453
1295.0	0.23535	0.76465	6.74754	7.80039	-4.22183	38.14762	29.66404	1.72256	0.58053	0.0533997	108.41529	0.0182323	0.46443	7.8882	189.99026	0.97028	0.040285	1580.56741	37187.803	441.584	4936.634
1290.0	0.38325	0.61675	6.79946	7.74076	-4.95389	35.99162	30.15301	1.68923	0.59199	0.64997	107.59157	0.22523	0.44287	7.99621	1298.43178	0.95412	0.00587582	1568.6432	34850.711	467.418	7081.772
1285.0	0.48928	0.51072	6.83784	7.69723	-5.48846	34.44331	30.50553	1.66436	0.60083	2.57628	107.1081	0.90257	0.42718	8.10679	3601.195	0.93809	0.00211178	1558.00835	33138.362	342.47	8602.547
1284.41	0.49948	0.50052	6.84161	7.693	-5.54038	34.29506	30.53879	1.66192	0.60171	2.89369	107.06848	1.01486	0.42566	8.12007	3935.59574	0.93621	0.00193162	1556.82569	32969.927	 	8748.482
1280.0	0.59353	0.40647	6.87405	7.65658	-5.98761	32.99514	30.86317	1.6398	0.60983	7.56823	106.61007	2.68116	0.41137	8.2368	8225.84192	0.92033	9.21552E-4	1546.78793	31446.743	338.324	10102.967
1275.0	0.668	0.332	6.90091	7.62658	-6.35598	31.95244	31.10527	1.6218	0.6166	14.34766	106.357	5.12439	0.39994	8.37042	14017.23254	0.90272	5.3906E-4	1536.98077	30190.05	251.339	11168.836
1270.0	0.72139	0.27861	6.92112	7.60413	-6.63153	31.19854	31.26611	1.60824	0.6218	21.45256	106.27721	7.70755	0.39166	8.50586	20310.60835	0.88548	3.70827E-4	1528.43402	29240.391	189.932	11928.042
1265.0	0.76144	0.23856	6.93706	7.58647	-6.84837	30.62729	31.37398	1.59752	0.62597	28.22347	106.30463	10.18615	0.38538	8.64346	26904.56869	0.86856	2.79035E-4	1520.86925	28490.924	149.893	12487.427
1260.0	0.79253	0.20747	6.95009	7.57206	-7.02533	30.18014	31.44594	1.58868	0.62945	34.41363	106.40364	12.46449	0.38047	8.78363	33732.27029	0.85192	2.21833E-4	1514.0904	27859.107	126.363	12929.53
1255.46	0.8152	0.1848	6.96011	7.56098	-7.16143	29.85067	31.4868	1.58192	0.63214	39.48422	106.53619	14.33871	0.37684	8.91362	40130.17701	0.83701	1.85914E-4	1508.49515	27371.217	 	13245.379
1255.0	0.82033	0.17967	6.96422	7.55649	-7.21652	29.68322	31.49485	1.58104	0.63249	40.54467	106.48087	14.73287	0.37599	8.91714	41380.34633	0.83643	1.80243E-4	1506.8337	27290.541	113.713	13308.747
1250.0	0.8673	0.1327	7.00279	7.51459	-7.73106	28.13009	31.54152	1.57354	0.63551	51.15547	106.03425	18.69472	0.36818	8.95696	55075.33395	0.82998	1.34981E-4	1490.33381	26404.791	177.15	14005.512
1245.0	0.89807	0.10193	7.0294	7.48589	-8.08343	27.09407	31.54428	1.56824	0.63766	59.09611	105.8546	21.67937	0.36296	8.99699	67657.34318	0.82358	1.09518E-4	1476.63969	25770.218	126.915	14451.462
1240.0	0.91946	0.0805431	7.04895	7.46492	-8.34093	26.36079	31.52209	1.56417	0.63932	65.16215	105.82968	23.96977	0.35926	9.03745	79560.78719	0.81719	9.2826E-5	1465.07517	25274.541	99.1354	14758.884
1235.0	0.93498	0.0650249	7.06403	7.44879	-8.53894	25.81742	31.48404	1.56089	0.64066	69.93022	105.90038	25.77576	0.35651	9.07815	91157.83188	0.81084	8.0749E-5	1455.16941	24865.43	81.8222	14980.109
1230.0	0.94663	0.053368	7.07612	7.43589	-8.6974	25.40037	31.43577	1.5581	0.64181	73.79489	106.03363	27.24268	0.3544	9.11976	102736.2636	0.80446	7.1411E-5	1446.58049	24513.34	70.418	15144.68
1225.0	0.95564	0.0443647	7.08614	7.42519	-8.82872	25.06999	31.38083	1.55564	0.64282	77.03325	106.20937	28.47345	0.35272	9.16161	114523.4896	0.79812	6.3848E-5	1439.05968	24257.726	51.1228	15213.139
1220.86	0.9616	0.0384028	7.09326	7.41761	-8.92184	24.84633	31.3319	1.55376	0.6436	79.36623	106.37815	29.36059	0.35158	9.19732	124548.6283	0.79283	5.85467E-5	1433.51034	23963.679	 	15352.603
1220.0	0.96274	0.0372577	7.09468	7.4161	-8.94039	24.80239	31.32135	1.55339	0.64375	79.83709	106.41481	29.53963	0.35136	9.20522	126699.7416	0.79169	5.75194E-5	1432.44597	23915.688	68.4076	15368.386
1215.0	0.96877	0.0312276	7.10242	7.40785	-9.04163	24.5675	31.25916	1.55127	0.64463	82.47076	106.63796	30.54091	0.35017	9.25109	139602.1907	0.78513	5.20285E-5	1426.68114	23725.902	37.9572	15371.743
1210.0	0.97367	0.0263328	7.10923	7.40059	-9.1308	24.37118	31.19495	1.54924	0.64548	84.88386	106.8781	31.45785	0.34917	9.29838	153168.5524	0.77851	4.72609E-5	1421.58957	23430.444	59.0916	15481.131
1205.0	0.9777	0.0222995	7.11533	7.39409	-9.21063	24.20479	31.1295	1.54726	0.6463	87.13927	107.13097	32.31424	0.34831	9.34688	167538.5218	0.77186	4.30616E-5	1417.06714	23194.983	47.0922	15530.88
1200.0	0.98107	0.0189312	7.12088	7.38817	-9.28324	24.06147	31.06341	1.54531	0.64712	89.26539	107.39355	33.12105	0.34756	9.39696	182846.7788	0.76515	3.9323E-5	1413.03188	22926.745	53.6476	15613.76
1195.0	0.98391	0.0160862	7.12598	7.38272	-9.35016	23.93629	30.99685	1.54337	0.64793	91.26546	107.66327	33.87979	0.3469	9.44868	199227.8665	0.75838	3.59672E-5	1409.41847	22705.805	44.188	15649.698
1190.0	0.98634	0.0136587	7.13074	7.37764	-9.41254	23.82559	30.93772	1.54106	0.64891	93.1273	107.93847	34.58617	0.34631	9.50229	216817.4487	0.75153	3.29368E-5	1406.16946	22491.293	42.9024	15679.559
1185.0	0.98843	0.0115669	7.13522	7.37287	-9.47117	23.72682	30.86871	1.53922	0.64968	94.83787	108.21782	35.23551	0.34577	9.55757	235757.9894	0.74463	3.01872E-5	1403.23928	22282.025	41.8536	15704.526
1180.0	0.99025	0.00975166	7.13946	7.36834	-9.5268	23.63756	30.79975	1.53738	0.65046	96.38988	108.50043	35.82522	0.34528	9.61463	256199.0298	0.73767	2.76834E-5	1400.58946	22077.092	40.9866	15725.506
1175.0	0.99184	0.00816311	7.14351	7.36402	-9.57985	23.55643	30.73098	1.53552	0.65125	97.78629	108.78572	36.35649	0.34483	9.67334	278302.0816	0.73067	2.53971E-5	1398.18584	21875.787	40.261	15743.205
1170.0	0.99324	0.00676391	7.14739	7.35987	-9.63083	23.48184	30.66233	1.53364	0.65204	99.03827	109.07275	36.83355	0.3444	9.73442	302241.7627	0.72358	2.33047E-5	1396.00151	21734.929	28.1716	15700.802
1165.0	0.99448	0.00552391	7.15114	7.35586	-9.68002	23.41281	30.59383	1.53175	0.65285	100.16177	109.36112	37.26239	0.34401	9.79764	328203.7708	0.71642	2.13869E-5	1394.01143	21481.934	50.599	15770.878
1160.0	0.99558	0.00441921	7.15478	7.35198	-9.72767	23.34863	30.52554	1.52984	0.65366	101.1766	109.65054	37.65041	0.34363	9.86289	356396.2478	0.70921	1.96266E-5	1392.19363	21288.581	38.6706	15781.655
1155.0	0.99657	0.00342903	7.15831	7.34821	-9.77399	23.28854	30.4575	1.52791	0.65449	102.10127	109.94081	38.00455	0.34328	9.93068	387041.4413	0.70191	1.80096E-5	1390.53194	21097.199	38.2764	15790.801
1150.0	0.99746	0.00253776	7.16177	7.34452	-9.81923	23.23175	30.38952	1.52597	0.65532	102.95354	110.23129	38.33147	0.34294	10.00026	420385.251	0.69459	1.6523E-5	1389.01016	20907.546	37.9306	15798.555
1145.0	0.99827	0.0017319	7.16515	7.34092	-9.8635	23.1779	30.32164	1.52401	0.65616	103.74902	110.52202	38.63699	0.34261	10.07265	456699.0999	0.68717	1.51558E-5	1387.61257	20719.426	37.624	15805.113
1140.0	0.999	9.99977E-4	7.16846	7.33738	-9.90693	23.12659	30.25402	1.52203	0.65702	104.49982	110.81302	38.92567	0.3423	10.14692	496280.3786	0.67974	1.38979E-5	1386.32746	20532.673	37.3506	15810.639
1137.83	0.99929	7.08025E-4	7.16988	7.33587	-9.92545	23.1053	30.22462	1.52117	0.65739	104.81224	110.93898	39.04587	0.34217	10.17996	514526.5309	0.67649	1.33845E-5	1385.80337	20452.156	 	15812.698
1135.0	1.0	0.0	7.17211	7.33362	-9.95312	23.0649	30.18788	1.51997	0.65791	105.35318	111.0977	39.25373	0.34195	 	540126.9713	 	1.27245E-5	 	20987.932	-91.0518	15174.485
1130.0	1.0	0.0	7.17484	7.33083	-9.98739	23.04562	30.11989	1.51799	0.65877	105.7592	111.39118	39.41062	0.34176	 	585857.1522	 	1.16896E-5	 	20074.138	182.759	 
1125.0	1.0	0.0	7.17757	7.32804	-10.02162	23.02634	30.05188	1.516	0.65963	106.16501	111.68372	39.56748	0.34157	 	635828.5942	 	1.07325E-5	 	19901.056	34.6164	 
1120.0	1.0	0.0	7.1803	7.32525	-10.0558	23.00707	29.98387	1.51401	0.6605	106.57059	111.97533	39.7243	0.34138	 	690467.9728	 	9.84784E-6	 	19728.199	34.5714	 
1115.0	1.0	0.0	7.18302	7.32248	-10.08992	22.9878	29.91584	1.512	0.66137	106.97595	112.266	39.88108	0.34119	 	750248.1701	 	9.03063E-6	 	19555.591	34.5216	 
1110.0	1.0	0.0	7.18575	7.3197	-10.124	22.96854	29.84781	1.50999	0.66226	107.38109	112.55573	40.03782	0.341	 	815693.6292	 	8.27616E-6	 	19383.23	34.4722	 
1105.0	1.0	0.0	7.18847	7.31693	-10.15803	22.94928	29.77976	1.50797	0.66314	107.78599	112.84453	40.19452	0.3408	 	887386.3684	 	7.58002E-6	 	19211.115	34.423	 
1100.0	1.0	0.0	7.19119	7.31416	-10.19201	22.93003	29.71171	1.50594	0.66404	108.19067	113.13239	40.35118	0.34061	 	965972.7426	 	6.93809E-6	 	19039.245	34.374	 
1095.0	1.0	0.0	7.19391	7.3114	-10.22594	22.91078	29.64364	1.5039	0.66494	108.5951	113.41931	40.50779	0.34042	 	1052171.049	 	6.3465E-6	 	18867.62	34.325	 
1090.0	1.0	0.0	7.19662	7.30864	-10.25982	22.89153	29.57556	1.50186	0.66584	108.9993	113.7053	40.66436	0.34023	 	1146780.093	 	5.80163E-6	 	18696.239	34.2762	 
1085.0	1.0	0.0	7.19934	7.30588	-10.29365	22.8723	29.50748	1.4998	0.66676	109.40325	113.99035	40.82088	0.34004	 	1250688.832	 	5.30011E-6	 	18525.102	34.2274	 
1080.0	1.0	0.0	7.20205	7.30313	-10.32743	22.85306	29.43938	1.49774	0.66767	109.80695	114.27446	40.97736	0.33985	 	1364887.257	 	4.83878E-6	 	18354.208	34.1788	 
1075.0	1.0	0.0	7.20476	7.30039	-10.36116	22.83383	29.37127	1.49566	0.6686	110.2104	114.55764	41.13378	0.33966	 	1490478.668	 	4.41468E-6	 	18183.555	34.1306	 
1070.0	1.0	0.0	7.20747	7.29764	-10.39484	22.81461	29.30315	1.49358	0.66953	110.6136	114.83987	41.29016	0.33947	 	1628693.534	 	4.02506E-6	 	18013.143	34.0824	 
1065.0	1.0	0.0	7.21017	7.2949	-10.42848	22.79539	29.23502	1.49149	0.67047	111.01654	115.12117	41.44648	0.33928	 	1780905.16	 	3.66734E-6	 	17842.972	34.0342	 
1060.0	1.0	0.0	7.21288	7.29217	-10.46206	22.77618	29.16688	1.48938	0.67142	111.41922	115.40153	41.60275	0.33908	 	1948647.402	 	3.33912E-6	 	17673.041	33.9862	 
1055.0	1.0	0.0	7.21558	7.28944	-10.49559	22.75697	29.09873	1.48727	0.67237	111.82163	115.68095	41.75897	0.33889	 	2133634.726	 	3.03818E-6	 	17503.35	33.9382	 
1050.0	1.0	0.0	7.21828	7.28671	-10.52908	22.73776	29.03057	1.48515	0.67333	112.22377	115.95943	41.91513	0.3387	 	2337784.926	 	2.76243E-6	 	17333.899	33.8902	 
1045.0	1.0	0.0	7.22098	7.28399	-10.56251	22.71856	28.9624	1.48302	0.6743	112.62565	116.23697	42.07123	0.33851	 	2563244.882	 	2.50993E-6	 	17164.688	33.8422	 
1040.0	1.0	0.0	7.22367	7.28127	-10.59589	22.69937	28.89422	1.48088	0.67527	113.02724	116.51357	42.22727	0.33832	 	2812419.787	 	2.27888E-6	 	16995.716	33.7944	 
1035.0	1.0	0.0	7.22637	7.27855	-10.62923	22.68018	28.82603	1.47874	0.67625	113.42856	116.78923	42.38326	0.33813	 	3088006.339	 	2.0676E-6	 	16826.983	33.7466	 
1030.0	1.0	0.0	7.22906	7.27584	-10.66252	22.66099	28.75783	1.47658	0.67724	113.82959	117.06395	42.53918	0.33794	 	3393030.467	 	1.87453E-6	 	16658.488	33.699	 
1025.0	1.0	0.0	7.23175	7.27314	-10.69575	22.64181	28.68961	1.47441	0.67824	114.23034	117.33772	42.69504	0.33775	 	3730890.242	 	1.69824E-6	 	16490.232	33.6512	 
1020.0	1.0	0.0	7.23444	7.27043	-10.72894	22.62264	28.62139	1.47223	0.67924	114.6308	117.61056	42.85084	0.33756	 	4105404.741	 	1.53737E-6	 	16322.215	33.6034	 
1015.0	1.0	0.0	7.23713	7.26773	-10.76208	22.60346	28.55315	1.47004	0.68025	115.03096	117.88245	43.00657	0.33736	 	4520869.713	 	1.39069E-6	 	16019.512	60.5406	 
1010.0	1.0	0.0	7.23981	7.26504	-10.79517	22.5843	28.48491	1.46785	0.68127	115.43083	118.1534	43.16224	0.33717	 	4982121.085	 	1.25704E-6	 	15849.554	33.9916	 
1005.0	1.0	0.0	7.24249	7.26235	-10.82821	22.56514	28.41665	1.46564	0.6823	115.83039	118.42341	43.31783	0.33698	 	5494607.439	 	1.13536E-6	 	15679.835	33.9438	 
1000.0	1.0	0.0	7.24517	7.25966	-10.8612	22.54598	28.34839	1.46342	0.68333	116.22965	118.69247	43.47336	0.33679	 	6064472.831	 	1.02464E-6	 	15510.357	33.8956	 
995.0	1.0	0.0	7.24785	7.25698	-10.89414	22.52683	28.28011	1.46119	0.68437	116.6286	118.9606	43.62882	0.3366	 	6698651.497	 	9.23996E-7	 	15341.119	33.8476	 
990.0	1.0	0.0	7.25053	7.2543	-10.92703	22.50768	28.21182	1.45895	0.68542	117.02724	119.22777	43.7842	0.33641	 	7404976.255	 	8.32565E-7	 	15172.121	33.7996	 
985.0	1.0	0.0	7.2532	7.25162	-10.95987	22.48854	28.14352	1.45671	0.68648	117.42556	119.49401	43.93951	0.33622	 	8192302.699	 	7.49572E-7	 	15003.363	33.7516	 
980.0	1.0	0.0	7.25588	7.24895	-10.99267	22.46941	28.07521	1.45445	0.68755	117.82357	119.75929	44.09475	0.33603	 	9070651.624	 	6.74297E-7	 	14834.844	33.7038	 
975.0	1.0	0.0	7.25855	7.24629	-11.02541	22.45027	28.00689	1.45218	0.68862	118.22125	120.02363	44.24991	0.33584	 	1.005137251E7	 	6.06077E-7	 	14666.564	33.656	 
970.0	1.0	0.0	7.26121	7.24362	-11.05811	22.43115	27.93856	1.4499	0.6897	118.61861	120.28703	44.40499	0.33565	 	1.114733134E7	 	5.44301E-7	 	14498.524	33.608	 
965.0	1.0	0.0	7.26388	7.24097	-11.09075	22.41202	27.87022	1.44761	0.6908	119.01563	120.54948	44.55999	0.33545	 	1.237312662E7	 	4.88405E-7	 	14330.721	33.5606	 
960.0	1.0	0.0	7.26655	7.23831	-11.12335	22.39291	27.80187	1.44531	0.6919	119.41232	120.81099	44.71491	0.33526	 	1.374533806E7	 	4.37872E-7	 	14163.157	33.5128	 
955.0	1.0	0.0	7.26921	7.23566	-11.1559	22.37379	27.7335	1.44299	0.693	119.80867	121.07154	44.86975	0.33507	 	1.528281313E7	 	3.92225E-7	 	13995.831	33.4652	 
950.0	1.0	0.0	7.27187	7.23301	-11.1884	22.35469	27.66513	1.44067	0.69412	120.20468	121.33115	45.0245	0.33488	 	1.700699757E7	 	3.51026E-7	 	13828.743	33.4176	 
945.0	1.0	0.0	7.27453	7.23037	-11.22085	22.33558	27.59674	1.43834	0.69525	120.60035	121.58981	45.17917	0.33469	 	1.894231706E7	 	3.13873E-7	 	13661.893	33.37	 
940.0	1.0	0.0	7.27718	7.22773	-11.25325	22.31649	27.52834	1.43599	0.69638	120.99567	121.84753	45.33376	0.3345	 	2.111661837E7	 	2.80399E-7	 	13495.279	33.3228	 
935.0	1.0	0.0	7.27983	7.2251	-11.2856	22.29739	27.45994	1.43364	0.69753	121.39063	122.10429	45.48825	0.33431	 	2.356167974E7	 	2.50266E-7	 	13328.903	33.2752	 
930.0	1.0	0.0	7.28249	7.22247	-11.3179	22.2783	27.39152	1.43127	0.69868	121.78524	122.3601	45.64266	0.33412	 	2.631380205E7	 	2.23163E-7	 	13162.763	33.228	 
925.0	1.0	0.0	7.28514	7.21984	-11.35016	22.25922	27.32309	1.42889	0.69984	122.17949	122.61497	45.79698	0.33393	 	2.941449433E7	 	1.98809E-7	 	12996.86	33.1806	 
920.0	1.0	0.0	7.28778	7.21722	-11.38236	22.24014	27.25465	1.4265	0.70102	122.57338	122.86889	45.9512	0.33373	 	3.291126935E7	 	1.76945E-7	 	12831.193	33.1334	 
915.0	1.0	0.0	7.29043	7.2146	-11.41452	22.22107	27.1862	1.4241	0.7022	122.96689	123.12185	46.10533	0.33354	 	3.685856819E7	 	1.57333E-7	 	12665.762	33.0862	 
910.0	1.0	0.0	7.29307	7.21198	-11.44662	22.202	27.11773	1.42169	0.70339	123.36004	123.37386	46.25937	0.33335	 	4.131883569E7	 	1.39759E-7	 	12500.567	33.039	 
905.0	1.0	0.0	7.29571	7.20937	-11.47868	22.18293	27.04926	1.41926	0.70459	123.75281	123.62493	46.41331	0.33316	 	4.636377295E7	 	1.24025E-7	 	12335.607	32.992	 
900.0	1.0	0.0	7.29835	7.20676	-11.51069	22.16387	26.98077	1.41683	0.7058	124.14521	123.87504	46.56715	0.33297	 	5.207579758E7	 	1.09952E-7	 	12170.882	32.945	 
895.0	1.0	0.0	7.30099	7.20416	-11.54265	22.14482	26.91228	1.41438	0.70702	124.53722	124.1242	46.72089	0.33278	 	5.854974808E7	 	9.73779E-8	 	12006.393	32.8978	 
890.0	1.0	0.0	7.30362	7.20156	-11.57456	22.12577	26.84377	1.41192	0.70826	124.92885	124.3724	46.87453	0.33259	 	6.58948756E7	 	8.61531E-8	 	11842.138	32.851	 
885.0	1.0	0.0	7.30626	7.19897	-11.60643	22.10673	26.77525	1.40945	0.7095	125.32008	124.61965	47.02807	0.3324	 	7.423717409E7	 	7.6143E-8	 	11678.117	32.8042	 
880.0	1.0	0.0	7.30889	7.19638	-11.63824	22.08769	26.70672	1.40696	0.71075	125.71093	124.86595	47.18151	0.33221	 	8.372210966E7	 	6.72252E-8	 	11514.331	32.7572	 
875.0	1.0	0.0	7.31152	7.19379	-11.67	22.06865	26.63818	1.40447	0.71201	126.10137	125.1113	47.33484	0.33201	 	9.451782134E7	 	5.92887E-8	 	11350.778	32.7106	 
870.0	1.0	0.0	7.31414	7.19121	-11.70172	22.04962	26.56963	1.40196	0.71329	126.49142	125.35569	47.48806	0.33182	 	1.068188793E8	 	5.22326E-8	 	11391.085	-8.0614	 
865.0	1.0	0.0	7.31677	7.18863	-11.73339	22.0306	26.50106	1.39944	0.71457	126.88106	125.59912	47.64118	0.33163	 	1.208507026E8	 	4.5966E-8	 	11230.328	32.1514	 
860.0	1.0	0.0	7.31939	7.18605	-11.76501	22.01157	26.43249	1.39691	0.71587	127.27029	125.8416	47.79419	0.33144	 	1.368747599E8	 	4.04065E-8	 	11069.791	32.1074	 
855.0	1.0	0.0	7.32201	7.18348	-11.79658	21.99256	26.3639	1.39436	0.71717	127.65911	126.08313	47.94708	0.33125	 	1.551946974E8	 	3.54794E-8	 	10909.484	32.0614	 
850.0	1.0	0.0	7.32463	7.18091	-11.8281	21.97355	26.2953	1.3918	0.71849	128.04752	126.3237	48.09987	0.33106	 	1.761635709E8	 	3.11178E-8	 	10749.406	32.0156	 
845.0	1.0	0.0	7.32724	7.17835	-11.85957	21.95454	26.2267	1.38923	0.71982	128.4355	126.56331	48.25254	0.33087	 	2.00192391E8	 	2.72608E-8	 	10589.558	31.9696	 
840.0	1.0	0.0	7.32985	7.17579	-11.89099	21.93554	26.15807	1.38665	0.72116	128.82307	126.80196	48.40509	0.33068	 	2.277602317E8	 	2.38541E-8	 	10429.938	31.924	 
835.0	1.0	0.0	7.33247	7.17324	-11.92237	21.91654	26.08944	1.38405	0.72252	129.2102	127.03966	48.55753	0.33049	 	2.594262068E8	 	2.08483E-8	 	10270.547	31.8782	 
830.0	1.0	0.0	7.33507	7.17069	-11.9537	21.89755	26.0208	1.38144	0.72388	129.59691	127.2764	48.70985	0.33029	 	2.958436765E8	 	1.81995E-8	 	10111.384	31.8326	 
825.0	1.0	0.0	7.33768	7.16814	-11.98497	21.87857	25.95214	1.37882	0.72526	129.98318	127.51218	48.86205	0.3301	 	3.377771229E8	 	1.58679E-8	 	9952.45	31.7868	 
820.0	1.0	0.0	7.34029	7.16559	-12.0162	21.85958	25.88348	1.37618	0.72665	130.36901	127.747	49.01413	0.32991	 	3.861222229E8	 	1.38179E-8	 	9793.743	31.7414	 
815.0	1.0	0.0	7.34289	7.16306	-12.04739	21.84061	25.8148	1.37353	0.72805	130.75441	127.98087	49.16609	0.32972	 	4.419297587E8	 	1.20177E-8	 	9635.264	31.6958	 
810.0	1.0	0.0	7.34549	7.16052	-12.07852	21.82164	25.74611	1.37087	0.72947	131.13935	128.21377	49.31792	0.32953	 	5.064341387E8	 	1.04388E-8	 	9477.013	31.6502	 
805.0	1.0	0.0	7.34809	7.15799	-12.1096	21.80267	25.67741	1.36819	0.73089	131.52385	128.44571	49.46963	0.32934	 	5.810874667E8	 	9.05575E-9	 	9318.989	31.6048	 
800.0	1.0	0.0	7.35068	7.15546	-12.14064	21.78371	25.60869	1.3655	0.73233	131.90789	128.6767	49.62122	0.32915	 	6.67600298E8	 	7.84568E-9	 	9161.192	31.5594	 
795.0	1.0	0.0	7.35327	7.15294	-12.17162	21.76475	25.53997	1.36279	0.73379	132.29148	128.90672	49.77267	0.32896	 	7.679904664E8	 	6.78833E-9	 	9003.621	31.5142	 
790.0	1.0	0.0	7.35587	7.15042	-12.20256	21.7458	25.47123	1.36007	0.73525	132.67461	129.13578	49.92399	0.32877	 	8.846416672E8	 	5.86562E-9	 	8846.278	31.4686	 
785.0	1.0	0.0	7.35845	7.1479	-12.23345	21.72685	25.40248	1.35734	0.73673	133.05727	129.36388	50.07519	0.32857	 	1.020373851E9	 	5.06145E-9	 	8446.562	79.9432	 
780.0	1.0	0.0	7.36104	7.14539	-12.26429	21.7079	25.33372	1.35459	0.73823	133.43947	129.59102	50.22625	0.32838	 	1.178527941E9	 	4.36151E-9	 	8287.413	31.8298	 
775.0	1.0	0.0	7.36363	7.14288	-12.29509	21.68897	25.26495	1.35183	0.73974	133.82119	129.8172	50.37717	0.32819	 	1.363067942E9	 	3.75312E-9	 	8375.879	-17.6932	 
770.0	1.0	0.0	7.36621	7.14038	-12.32583	21.67003	25.19616	1.34906	0.74126	134.20244	130.04241	50.52796	0.328	 	1.578704208E9	 	3.22502E-9	 	8219.165	31.3428	 
765.0	1.0	0.0	7.36879	7.13788	-12.35653	21.6511	25.12736	1.34627	0.7428	134.58321	130.26666	50.67862	0.32781	 	1.831042492E9	 	2.76725E-9	 	8062.951	31.2428	 
760.0	1.0	0.0	7.37137	7.13538	-12.38717	21.63218	25.05855	1.34346	0.74435	134.9635	130.48995	50.82913	0.32762	 	2.126764454E9	 	2.371E-9	 	7906.962	31.1978	 
755.0	1.0	0.0	7.37394	7.13289	-12.41777	21.61326	24.98973	1.34064	0.74591	135.3433	130.71227	50.97951	0.32743	 	2.473846626E9	 	2.02848E-9	 	7495.081	82.3762	 
750.0	1.0	0.0	7.37651	7.1304	-12.44832	21.59435	24.9209	1.33781	0.74749	135.72262	130.93363	51.12974	0.32724	 	2.881826477E9	 	1.73284E-9	 	7337.306	31.555	 
745.0	1.0	0.0	7.37909	7.12792	-12.47883	21.57544	24.85206	1.33496	0.74909	136.10143	131.15403	51.27984	0.32705	 	3.36212624E9	 	1.47803E-9	 	7179.754	31.5104	 
740.0	1.0	0.0	7.38165	7.12544	-12.50928	21.55653	24.7832	1.33209	0.7507	136.47976	131.37345	51.42978	0.32686	 	3.92844772E9	 	1.25875E-9	 	7285.173	-21.0838	 
735.0	1.0	0.0	7.38422	7.12296	-12.53969	21.53763	24.71433	1.32921	0.75233	136.85758	131.59192	51.57959	0.32666	 	4.597254471E9	 	1.07032E-9	 	7130.392	30.9562	 
730.0	1.0	0.0	7.38678	7.12049	-12.57004	21.51874	24.64545	1.32632	0.75397	137.23489	131.80942	51.72924	0.32647	 	5.388361711E9	 	9.08648E-10	 	6708.459	84.3866	 
725.0	1.0	0.0	7.38935	7.11802	-12.60035	21.49985	24.57655	1.3234	0.75563	137.6117	132.02595	51.87875	0.32628	 	6.325659328E9	 	7.70152E-10	 	6551.823	31.3272	 
720.0	1.0	0.0	7.3919	7.11556	-12.63061	21.48097	24.50764	1.32048	0.7573	137.98799	132.24152	52.0281	0.32609	 	7.437999609E9	 	6.51697E-10	 	6395.408	31.283	 
715.0	1.0	0.0	7.39446	7.1131	-12.66083	21.46209	24.43873	1.31753	0.75899	138.36377	132.45612	52.17731	0.3259	 	8.760289193E9	 	5.50543E-10	 	6239.221	31.2374	 
710.0	1.0	0.0	7.39702	7.11064	-12.69099	21.44321	24.36979	1.31458	0.7607	138.73903	132.66975	52.32636	0.32571	 	1.03348E10	 	4.64305E-10	 	6083.26	31.1922	 
705.0	1.0	0.0	7.39957	7.10819	-12.72111	21.42434	24.30085	1.3116	0.76243	139.11377	132.88241	52.47526	0.32552	 	1.2212999999999998E10	 	3.90904E-10	 	5927.525	31.147	 
700.0	1.0	0.0	7.40212	7.10574	-12.75118	21.40547	24.23189	1.30861	0.76417	139.48798	133.09411	52.624	0.32533	 	1.4457299999999998E10	 	3.28534E-10	 	5772.017	31.1016	 
695.0	1.0	0.0	7.40467	7.10329	-12.7812	21.38661	24.16292	1.3056	0.76593	139.86165	133.30484	52.77258	0.32514	 	1.7143799999999998E10	 	2.75627E-10	 	5616.735	31.0564	 
690.0	1.0	0.0	7.40721	7.10085	-12.81117	21.36776	24.09394	1.30258	0.76771	140.22964	133.50969	52.91906	0.32494	 	2.03656E10	 	2.30825E-10	 	5461.679	31.0112	 
685.0	1.0	0.0	7.40976	7.09841	-12.84109	21.34891	24.02495	1.29954	0.7695	140.60223	133.71847	53.06732	0.32475	 	2.4236299999999996E10	 	1.92954E-10	 	5306.849	30.966	 
680.0	1.0	0.0	7.4123	7.09598	-12.87097	21.33006	23.95594	1.29648	0.77132	140.97427	133.92628	53.21541	0.32456	 	2.8895499999999996E10	 	1.60997E-10	 	5152.244	30.921	 
675.0	1.0	0.0	7.41483	7.09355	-12.9008	21.31122	23.88692	1.29341	0.77315	141.34576	134.13311	53.36335	0.32437	 	3.45142E10	 	1.3408E-10	 	4997.865	30.8758	 
670.0	1.0	0.0	7.41737	7.09113	-12.93058	21.29238	23.81788	1.29031	0.77501	141.71671	134.33898	53.51111	0.32418	 	4.13033E10	 	1.11451E-10	 	4843.711	30.8308	 
665.0	1.0	0.0	7.4199	7.0887	-12.96031	21.27355	23.74884	1.2872	0.77688	142.08711	134.54388	53.65871	0.32399	 	4.952249999999999E10	 	9.24606E-11	 	4689.782	30.7858	 
660.0	1.0	0.0	7.42244	7.08629	-12.98999	21.25472	23.67978	1.28408	0.77877	142.45694	134.74781	53.80615	0.3238	 	5.949279999999999E10	 	7.6555E-11	 	4536.079	30.7406	 
655.0	1.0	0.0	7.42496	7.08387	-13.01963	21.2359	23.6107	1.28093	0.78068	142.82622	134.95076	53.95341	0.32361	 	7.16119E10	 	6.32586E-11	 	4682.862	-29.3566	 
650.0	1.0	0.0	7.42749	7.08146	-13.04922	21.21708	23.54162	1.27777	0.78261	143.19494	135.15275	54.1005	0.32342	 	8.63731E10	 	5.21652E-11	 	4531.82	30.2084	 
645.0	1.0	0.0	7.43002	7.07906	-13.07876	21.19827	23.47252	1.27459	0.78456	143.56309	135.35376	54.24743	0.32322	 	1.0439E11	 	4.29282E-11	 	4380.961	30.1718	 
640.0	1.0	0.0	7.43254	7.07666	-13.10825	21.17946	23.40341	1.2714	0.78654	143.93066	135.55381	54.39418	0.32303	 	1.26426E11	 	3.52526E-11	 	4230.323	30.1276	 
635.0	1.0	0.0	7.43506	7.07426	-13.13769	21.16066	23.33428	1.26818	0.78853	144.29767	135.75288	54.54075	0.32284	 	1.53439E11	 	2.88875E-11	 	4079.906	30.0834	 
630.0	1.0	0.0	7.43757	7.07186	-13.16709	21.14186	23.26514	1.26495	0.79055	144.66409	135.95098	54.68715	0.32265	 	1.86622E11	 	2.36203E-11	 	3929.71	30.0392	 
625.0	1.0	0.0	7.44009	7.06947	-13.19644	21.12307	23.19599	1.26169	0.79259	145.02994	136.14811	54.83337	0.32246	 	2.27476E11	 	1.92708E-11	 	3779.735	29.995	 
620.0	1.0	0.0	7.4426	7.06709	-13.22574	21.10428	23.12682	1.25842	0.79465	145.3952	136.34427	54.97941	0.32227	 	2.7789E11	 	1.56869E-11	 	3629.98	29.951	 
615.0	1.0	0.0	7.44511	7.06471	-13.25499	21.0855	23.05764	1.25513	0.79673	145.75987	136.53946	55.12527	0.32208	 	3.40243E11	 	1.27404E-11	 	3480.445	29.907	 
610.0	1.0	0.0	7.44762	7.06233	-13.2842	21.06672	22.98845	1.25182	0.79884	146.12395	136.73367	55.27095	0.32189	 	4.17542E11	 	1.03234E-11	 	3011.375	93.814	 
605.0	1.0	0.0	7.45012	7.05995	-13.31335	21.04795	22.91924	1.24849	0.80097	146.48743	136.92691	55.41645	0.3217	 	5.13598E11	 	8.34511E-12	 	2860.146	30.2458	 
600.0	1.0	0.0	7.45263	7.05758	-13.34246	21.02918	22.85002	1.24515	0.80312	146.85031	137.11917	55.56176	0.32151	 	6.33252E11	 	6.72975E-12	 	2709.132	30.2028	 
595.0	1.0	0.0	7.45513	7.05521	-13.37152	21.01042	22.78078	1.24178	0.8053	147.21259	137.31047	55.70688	0.32131	 	7.82669E11	 	5.41382E-12	 	2558.34	30.1584	 
590.0	1.0	0.0	7.45762	7.05285	-13.40054	20.99166	22.71153	1.23839	0.8075	147.57426	137.50079	55.85182	0.32112	 	9.69717E11	 	4.34438E-12	 	2407.772	30.1136	 
585.0	1.0	0.0	7.46012	7.05049	-13.4295	20.9729	22.64227	1.23498	0.80973	147.93533	137.69013	55.99657	0.32093	 	1.20447E12	 	3.47739E-12	 	2257.427	30.069	 
580.0	1.0	0.0	7.46261	7.04814	-13.45842	20.95415	22.57299	1.23156	0.81198	148.29578	137.87851	56.14113	0.32074	 	1.49986E12	 	2.77626E-12	 	2107.305	30.0244	 
575.0	1.0	0.0	7.4651	7.04579	-13.48729	20.93541	22.5037	1.22811	0.81426	148.65561	138.06591	56.28549	0.32055	 	1.87253E12	 	2.2107E-12	 	1957.406	29.9798	 
570.0	1.0	0.0	7.46759	7.04344	-13.51611	20.91667	22.43439	1.22464	0.81657	149.01482	138.25233	56.42967	0.32036	 	2.34397E12	 	1.75566E-12	 	1807.73	29.9352	 
565.0	1.0	0.0	7.47008	7.0411	-13.54489	20.89793	22.36507	1.22115	0.8189	149.37341	138.43778	56.57365	0.32017	 	2.94196E12	 	1.3905E-12	 	1658.277	29.8906	 
560.0	1.0	0.0	7.47256	7.03876	-13.57362	20.8792	22.29573	1.21764	0.82126	149.73137	138.62226	56.71743	0.31998	 	3.70259E12	 	1.09826E-12	 	1509.047	29.846	 
555.0	1.0	0.0	7.47504	7.03642	-13.6023	20.86048	22.22638	1.21411	0.82365	150.0887	138.80576	56.86101	0.31979	 	4.67284E12	 	8.64998E-13	 	1360.039	29.8016	 
550.0	1.0	0.0	7.47752	7.03409	-13.63093	20.84176	22.15702	1.21056	0.82607	150.4454	138.98829	57.0044	0.31959	 	5.91403E12	 	6.79332E-13	 	1211.254	29.757	 
545.0	1.0	0.0	7.47999	7.03176	-13.65951	20.82304	22.08764	1.20698	0.82851	150.80145	139.16984	57.14758	0.3194	 	7.5065E12	 	5.31964E-13	 	1062.691	29.7126	 
540.0	1.0	0.0	7.48247	7.02944	-13.68805	20.80433	22.01824	1.20339	0.83099	151.15687	139.35042	57.29057	0.31921	 	9.55574E12	 	4.1533E-13	 	914.351	29.668	 
535.0	1.0	0.0	7.48494	7.02712	-13.71654	20.78563	21.94883	1.19977	0.83349	151.51164	139.53002	57.43335	0.31902	 	1.22008E13	 	3.23288E-13	 	766.233	29.6236	 
530.0	1.0	0.0	7.4874	7.0248	-13.74498	20.76693	21.87941	1.19613	0.83603	151.86576	139.70865	57.57593	0.31883	 	1.56255E13	 	2.5087E-13	 	618.338	29.579	 
525.0	1.0	0.0	7.48987	7.02249	-13.77338	20.74823	21.80997	1.19247	0.8386	152.21923	139.8863	57.7183	0.31864	 	2.00736E13	 	1.94064E-13	 	470.666	29.5344	 
520.0	1.0	0.0	7.49233	7.02018	-13.80172	20.72954	21.74051	1.18879	0.84119	152.57205	140.06298	57.86046	0.31845	 	2.58696E13	 	1.49642E-13	 	323.215	29.4902	 
515.0	1.0	0.0	7.49479	7.01787	-13.83002	20.71085	21.67104	1.18508	0.84383	152.9242	140.23868	58.00241	0.31826	 	3.34465E13	 	1.15013E-13	 	535.959	-42.5488	 
510.0	1.0	0.0	7.49725	7.01557	-13.85827	20.69217	21.60155	1.18135	0.84649	153.2757	140.41341	58.14416	0.31807	 	4.33846E13	 	8.81041E-14	 	390.965	28.9988	 
505.0	1.0	0.0	7.49971	7.01328	-13.88648	20.67349	21.53205	1.17759	0.84919	153.62653	140.58716	58.28569	0.31788	 	5.64642E13	 	6.72631E-14	 	246.258	28.9414	 
500.0	1.0	0.0	7.50216	7.01098	-13.91464	20.65482	21.46253	1.17382	0.85192	153.97669	140.75994	58.42701	0.31768	 	7.37379E13	 	5.11752E-14	 	101.771	28.8974	 
495.0	1.0	0.0	7.50461	7.00869	-13.94275	20.63616	21.39299	1.17002	0.85469	154.32617	140.93174	58.56812	0.31749	 	9.66313E13	 	3.87985E-14	 	-42.498	28.8538	 
490.0	1.0	0.0	7.50706	7.00641	-13.97081	20.61749	21.32344	1.16619	0.85749	154.67499	141.10257	58.70901	0.3173	 	1.2708199999999998E14	 	2.93098E-14	 	-186.547	28.8098	 
485.0	1.0	0.0	7.5095	7.00413	-13.99882	20.59884	21.25387	1.16234	0.86033	155.02312	141.27242	58.84968	0.31711	 	1.67733E14	 	2.20609E-14	 	-702.726	103.236	 
480.0	1.0	0.0	7.51195	7.00185	-14.02679	20.58018	21.18429	1.15847	0.86321	155.37057	141.4413	58.99014	0.31692	 	2.22205E14	 	1.6543E-14	 	-848.377	29.1302	 
475.0	1.0	0.0	7.51439	6.99957	-14.05471	20.56154	21.11469	1.15457	0.86612	155.71734	141.6092	59.13038	0.31673	 	2.95475E14	 	1.23582E-14	 	-993.824	29.0894	 
470.0	1.0	0.0	7.51683	6.9973	-14.08258	20.54289	21.04507	1.15065	0.86907	156.06342	141.77613	59.27039	0.31654	 	3.94415E14	 	9.19623E-15	 	-1139.048	29.0448	 
465.0	1.0	0.0	7.51926	6.99504	-14.11041	20.52425	20.97544	1.1467	0.87206	156.4088	141.94209	59.41019	0.31635	 	5.2854999999999994E14	 	6.81625E-15	 	-1284.05	29.0004	 
460.0	1.0	0.0	7.52169	6.99278	-14.13819	20.50562	20.90578	1.14273	0.8751	156.75349	142.10706	59.54976	0.31616	 	7.11135E14	 	5.03185E-15	 	-1428.828	28.9556	 
455.0	1.0	0.0	7.52412	6.99052	-14.16592	20.48699	20.83612	1.13873	0.87817	157.09749	142.27107	59.6891	0.31596	 	9.60701E14	 	3.6993E-15	 	-1573.384	28.9112	 
450.0	1.0	0.0	7.52655	6.98826	-14.1936	20.46837	20.76643	1.13471	0.88128	157.44078	142.4341	59.82822	0.31577	 	1.30326E15	 	2.70822E-15	 	-1717.716	28.8664	 
445.0	1.0	0.0	7.52898	6.98601	-14.22124	20.44975	20.69673	1.13066	0.88444	157.78336	142.59616	59.96711	0.31558	 	1.77549E15	 	1.97417E-15	 	-1861.825	28.8218	 
440.0	1.0	0.0	7.5314	6.98377	-14.24883	20.43114	20.62701	1.12658	0.88764	158.12524	142.75724	60.10577	0.31539	 	2.42934E15	 	1.43278E-15	 	-2005.71	28.777	 
435.0	1.0	0.0	7.53382	6.98152	-14.27637	20.41253	20.55727	1.12248	0.89089	158.46641	142.91735	60.24421	0.3152	 	3.33872E15	 	1.03522E-15	 	-2149.372	28.7324	 
430.0	1.0	0.0	7.53623	6.97928	-14.30386	20.39392	20.48751	1.11835	0.89418	158.80687	143.07648	60.38241	0.31501	 	4.60932E15	 	7.44557E-16	 	-2292.81	28.6876	 
425.0	1.0	0.0	7.53865	6.97705	-14.33131	20.37533	20.41773	1.11419	0.89751	159.14661	143.23465	60.52038	0.31482	 	6.39292E15	 	5.33011E-16	 	-2436.024	28.6428	 
420.0	1.0	0.0	7.54106	6.97482	-14.35871	20.35673	20.34794	1.11	0.9009	159.48562	143.39184	60.65811	0.31463	 	8.90865E15	 	3.79754E-16	 	-2579.014	28.598	 
415.0	1.0	0.0	7.54347	6.97259	-14.38607	20.33814	20.27813	1.10579	0.90433	159.82392	143.54805	60.79562	0.31444	 	1.24744E16	 	2.69247E-16	 	-2721.779	28.553	 
410.0	1.0	0.0	7.54588	6.97036	-14.41337	20.31956	20.2083	1.10155	0.90781	160.16149	143.7033	60.93288	0.31425	 	1.7553500000000002E16	 	1.89949E-16	 	-2864.319	28.508	 
405.0	1.0	0.0	7.54828	6.96814	-14.44063	20.30098	20.13844	1.09728	0.91134	160.49833	143.85757	61.06991	0.31405	 	2.48256E16	 	1.33326E-16	 	-3006.635	28.4632	 
400.0	1.0	0.0	7.55068	6.96593	-14.46784	20.2824	20.06857	1.09298	0.91493	160.83444	144.01087	61.2067	0.31386	 	3.5291500000000004E16	 	9.30956E-17	 	-3148.726	28.4182	 
395.0	1.0	0.0	7.55308	6.96372	-14.49501	20.26383	19.99869	1.08865	0.91856	161.16981	144.1632	61.34324	0.31367	 	5.04344E16	 	6.46598E-17	 	-3290.591	28.373	 
390.0	1.0	0.0	7.55548	6.96151	-14.52213	20.24527	19.92878	1.0843	0.92226	161.50445	144.31457	61.47955	0.31348	 	7.24639E16	 	4.4666E-17	 	-3432.23	28.3278	 
385.0	1.0	0.0	7.55787	6.9593	-14.5492	20.22671	19.85885	1.07991	0.926	161.83834	144.46496	61.61562	0.31329	 	1.04691E17	 	3.06834E-17	 	-3573.643	28.2826	 
380.0	1.0	0.0	7.56026	6.9571	-14.57622	20.20815	19.7889	1.0755	0.9298	162.17149	144.61438	61.75144	0.3131	 	1.52104E17	 	2.09584E-17	 	-3714.83	28.2374	 
375.0	1.0	0.0	7.56265	6.9549	-14.6032	20.1896	19.71893	1.07105	0.93366	162.5039	144.76283	61.88702	0.31291	 	2.22268E17	 	1.42326E-17	 	-3855.79	28.192	 
370.0	1.0	0.0	7.56504	6.95271	-14.63013	20.17105	19.64894	1.06657	0.93758	162.83556	144.91031	62.02235	0.31272	 	3.26719E17	 	9.60781E-18	 	-3996.523	28.1466	 
365.0	1.0	0.0	7.56742	6.95052	-14.65701	20.15251	19.57893	1.06207	0.94156	163.16647	145.05683	62.15743	0.31253	 	4.83163E17	 	6.44638E-18	 	-4137.028	28.101	 
360.0	1.0	0.0	7.5698	6.94834	-14.68385	20.13398	19.50889	1.05753	0.9456	163.49662	145.20238	62.29227	0.31233	 	7.18946E17	 	4.2983E-18	 	-4277.306	28.0556	 
355.0	1.0	0.0	7.57218	6.94615	-14.71064	20.11545	19.43884	1.05296	0.94971	163.82602	145.34696	62.42686	0.31214	 	1.07658E18	 	2.84776E-18	 	-4417.355	28.0098	 
350.0	1.0	0.0	7.57455	6.94398	-14.73738	20.09692	19.36876	1.04836	0.95388	164.15466	145.49058	62.5612	0.31195	 	1.6226E18	 	1.87443E-18	 	-4557.175	27.964	 
345.0	1.0	0.0	7.57692	6.9418	-14.76408	20.0784	19.29867	1.04372	0.95811	164.48254	145.63323	62.69528	0.31176	 	2.46183E18	 	1.22553E-18	 	-4696.766	27.9182	 
340.0	1.0	0.0	7.57929	6.93963	-14.79073	20.05988	19.22855	1.03905	0.96241	164.80965	145.77492	62.82912	0.31157	 	3.7606E18	 	7.95786E-19	 	-4836.127	27.8722	 
335.0	1.0	0.0	7.58166	6.93747	-14.81733	20.04137	19.1584	1.03435	0.96679	165.136	145.91564	62.9627	0.31138	 	5.78471E18	 	5.13116E-19	 	-4975.257	27.826	 
330.0	1.0	0.0	7.58403	6.9353	-14.84388	20.02286	19.08824	1.02962	0.97123	165.46158	146.0554	63.09603	0.31119	 	8.96206E18	 	3.28477E-19	 	-5114.157	27.78	 
325.0	1.0	0.0	7.58639	6.93314	-14.87039	20.00436	19.01805	1.02485	0.97575	165.78639	146.19421	63.2291	0.311	 	1.39866E19	 	2.0873E-19	 	-5252.825	27.7336	 
320.0	1.0	0.0	7.58875	6.93099	-14.89685	19.98586	18.94783	1.02005	0.98034	166.11042	146.33205	63.36192	0.31081	 	2.19925E19	 	1.31636E-19	 	-5391.26	27.687	 
315.0	1.0	0.0	7.5911	6.92884	-14.92327	19.96737	18.87759	1.01522	0.98501	166.43369	146.46893	63.49448	0.31062	 	3.48482E19	 	8.23748E-20	 	-5529.463	27.6406	 
310.0	1.0	0.0	7.59346	6.92669	-14.94964	19.94888	18.80733	1.01035	0.98976	166.75617	146.60485	63.62678	0.31042	 	5.56562E19	 	5.11391E-20	 	-5667.432	27.5938	 
305.0	1.0	0.0	7.59581	6.92455	-14.97596	19.9304	18.73704	1.00544	0.99459	167.07788	146.73982	63.75882	0.31023	 	8.96116E19	 	3.14893E-20	 	-5805.167	27.547	 
300.0	1.0	0.0	7.59815	6.92241	-15.00223	19.91192	18.66673	1.0005	0.9995	167.3988	146.87383	63.89061	0.31004	 	1.4548699999999998E20	 	1.92279E-20	 	-5942.667	27.5	 
295.0	1.0	0.0	7.6005	6.92027	-15.02846	19.89345	18.59639	0.99552	1.0045	167.71895	147.00689	64.02213	0.30985	 	2.3822499999999997E20	 	1.16403E-20	 	-6079.931	27.4528	 
290.0	1.0	0.0	7.60284	6.91814	-15.05464	19.87498	18.52603	0.99051	1.00958	168.03831	147.13899	64.15339	0.30966	 	3.93508E20	 	6.98485E-21	 	-6216.958	27.4054	 
285.0	1.0	0.0	7.60518	6.91601	-15.08078	19.85651	18.45564	0.98546	1.01475	168.35688	147.27014	64.28439	0.30947	 	6.55881E20	 	4.15348E-21	 	-6353.748	27.358	 
280.0	1.0	0.0	7.60752	6.91388	-15.10687	19.83806	18.38522	0.98037	1.02002	168.67467	147.40035	64.41513	0.30928	 	1.10334E21	 	2.44693E-21	 	-6490.298	27.31	 
275.0	1.0	0.0	7.60985	6.91176	-15.13291	19.8196	18.31477	0.97525	1.02538	168.99167	147.5296	64.54561	0.30909	 	1.87375E21	 	1.42782E-21	 	-6626.61	27.2624	 
270.0	1.0	0.0	7.61219	6.90965	-15.1589	19.80115	18.2443	0.97009	1.03084	169.30788	147.65791	64.67582	0.3089	 	3.21329E21	 	8.25005E-22	 	-6762.681	27.2142	 
265.0	1.0	0.0	7.61451	6.90753	-15.18485	19.78271	18.1738	0.96488	1.03639	169.62329	147.78527	64.80577	0.30871	 	5.56597E21	 	4.71899E-22	 	-6898.51	27.1658	 
260.0	1.0	0.0	7.61684	6.90542	-15.21075	19.76427	18.10327	0.95964	1.04205	169.93792	147.91169	64.93545	0.30851	 	9.74107E21	 	2.67134E-22	 	-7034.096	27.1172	 
255.0	1.0	0.0	7.61916	6.90332	-15.23661	19.74583	18.03271	0.95436	1.04782	170.25175	148.03717	65.06487	0.30832	 	1.7229599999999999E22	 	1.49613E-22	 	-7169.438	27.0684	 
250.0	1.0	0.0	7.62148	6.90122	-15.26242	19.7274	17.96211	0.94904	1.05369	170.56479	148.16171	65.19402	0.30813	 	3.0809E22	 	8.28773E-23	 	-7304.536	27.0196	 
245.0	1.0	0.0	7.6238	6.89912	-15.28818	19.70898	17.89149	0.94368	1.05968	170.87703	148.28531	65.3229	0.30794	 	5.57123E22	 	4.53933E-23	 	-7439.386	26.97	 
240.0	1.0	0.0	7.62612	6.89702	-15.31389	19.69056	17.82084	0.93828	1.06578	171.18848	148.40798	65.45152	0.30775	 	1.0191499999999999E23	 	2.4575E-23	 	-7573.989	26.9206	 
235.0	1.0	0.0	7.62843	6.89493	-15.33956	19.67214	17.75015	0.93284	1.07199	171.49913	148.52971	65.57987	0.30756	 	1.8866299999999998E23	 	1.31459E-23	 	-7708.343	26.8708	 
230.0	1.0	0.0	7.63074	6.89285	-15.36519	19.65373	17.67943	0.92736	1.07833	171.80898	148.65052	65.70796	0.30737	 	3.5354999999999994E23	 	6.94597E-24	 	-7842.446	26.8206	 
225.0	1.0	0.0	7.63305	6.89076	-15.39076	19.63533	17.60868	0.92183	1.0848	172.11804	148.7704	65.83578	0.30718	 	6.70951E23	 	3.62373E-24	 	-7976.296	26.77	 
220.0	1.0	0.0	7.63535	6.88868	-15.41629	19.61693	17.53789	0.91626	1.09139	172.4263	148.88936	65.96333	0.30699	 	1.28995E24	 	1.86592E-24	 	-8109.893	26.7194	 
215.0	1.0	0.0	7.63765	6.88661	-15.44178	19.59853	17.46707	0.91065	1.09812	172.73377	149.00739	66.09061	0.3068	 	2.51345E24	 	9.47916E-25	 	-8243.234	26.6682	 
210.0	1.0	0.0	7.63995	6.88454	-15.46721	19.58014	17.39622	0.90499	1.10498	173.04044	149.12451	66.21763	0.3066	 	4.96551E24	 	4.74903E-25	 	-8376.317	26.6166	 
205.0	1.0	0.0	7.64224	6.88247	-15.4926	19.56176	17.32532	0.89929	1.11199	173.34632	149.24071	66.34438	0.30641	 	9.95041E24	 	2.34536E-25	 	-8509.141	26.5648	 
200.0	1.0	0.0	7.64454	6.88041	-15.51795	19.54337	17.25439	0.89355	1.11914	173.6514	149.356	66.47086	0.30622	 	2.02348E25	 	1.14127E-25	 	-8641.704	26.5126	 
195.0	1.0	0.0	7.64683	6.87834	-15.54325	19.525	17.18342	0.88775	1.12644	173.95569	149.47038	66.59707	0.30603	 	4.17774E25	 	5.46929E-26	 	-8774.003	26.4598	 
190.0	1.0	0.0	7.64911	6.87629	-15.5685	19.50663	17.11241	0.88192	1.13389	174.25918	149.58386	66.72302	0.30584	 	8.76156E25	 	2.58004E-26	 	-8906.037	26.4068	 
185.0	1.0	0.0	7.6514	6.87424	-15.5937	19.48826	17.04136	0.87603	1.14151	174.56189	149.69644	66.8487	0.30565	 	1.8674200000000002E26	 	1.19744E-26	 	-9037.803	26.3532	 
180.0	1.0	0.0	7.65368	6.87219	-15.61886	19.4699	16.97027	0.8701	1.14929	174.86381	149.80812	66.97412	0.30546	 	4.04721E26	 	5.46479E-27	 	-9169.298	26.299	 
175.0	1.0	0.0	7.65596	6.87014	-15.64398	19.45154	16.89914	0.86412	1.15724	175.16494	149.91891	67.09927	0.30527	 	8.924090000000001E26	 	2.45102E-27	 	-9300.521	26.2446	 
170.0	1.0	0.0	7.65823	6.8681	-15.66904	19.43319	16.82796	0.8581	1.16537	175.46529	150.02881	67.22416	0.30508	 	2.00319E27	 	1.07973E-27	 	-9431.468	26.1894	 
165.0	1.0	0.0	7.66051	6.86606	-15.69406	19.41484	16.75674	0.85202	1.17368	175.76485	150.13784	67.34879	0.30489	 	4.5803099999999995E27	 	4.6689E-28	 	-9562.137	26.1338	 
160.0	1.0	0.0	7.66278	6.86403	-15.71904	19.3965	16.68548	0.8459	1.18218	176.06364	150.24598	67.47315	0.30469	 	1.06748E28	 	1.98046E-28	 	-9692.525	26.0776	 
155.0	1.0	0.0	7.66504	6.862	-15.74397	19.37816	16.61416	0.83972	1.19087	176.36165	150.35326	67.59726	0.3045	 	2.53751E28	 	8.23522E-29	 	-9822.628	26.0206	 
150.0	1.0	0.0	7.66731	6.85997	-15.76885	19.35983	16.5428	0.8335	1.19977	176.65889	150.45966	67.7211	0.30431	 	6.15661E28	 	3.35459E-29	 	-9952.444	25.9632	 
145.0	1.0	0.0	7.66957	6.85795	-15.79368	19.3415	16.47139	0.82722	1.20887	176.95536	150.56521	67.84468	0.30412	 	1.5257400000000002E29	 	1.33763E-29	 	-10081.969	25.905	 
140.0	1.0	0.0	7.67183	6.85593	-15.81847	19.32318	16.39993	0.82089	1.21819	177.25107	150.66991	67.96801	0.30393	 	3.86511E29	 	5.21715E-30	 	-10211.2	25.8462	 
135.0	1.0	0.0	7.67408	6.85391	-15.84322	19.30486	16.32841	0.8145	1.22774	177.54602	150.77375	68.09109	0.30374	 	1.0016899999999999E30	 	1.98872E-30	 	-10340.133	25.7866	 
130.0	1.0	0.0	7.67634	6.8519	-15.86792	19.28655	16.25684	0.80807	1.23752	177.84021	150.87676	68.21391	0.30355	 	2.65803E30	 	7.40274E-31	 	-10468.763	25.726	 
125.0	1.0	0.0	7.67859	6.8499	-15.89257	19.26824	16.18522	0.80158	1.24754	178.13367	150.97894	68.33648	0.30336	 	7.22827E30	 	2.68843E-31	 	-10597.087	25.6648	 
120.0	1.0	0.0	7.68083	6.84789	-15.91717	19.24993	16.11353	0.79503	1.25781	178.42638	151.08029	68.4588	0.30317	 	2.0163199999999999E31	 	9.51669E-32	 	-10725.099	25.6024	 
115.0	1.0	0.0	7.68308	6.84589	-15.94173	19.23163	16.04179	0.78843	1.26834	178.71835	151.18083	68.58088	0.30298	 	5.7751399999999995E31	 	3.28038E-32	 	-10852.797	25.5396	 
110.0	1.0	0.0	7.68532	6.84389	-15.96625	19.21334	15.96998	0.78178	1.27914	179.00961	151.28056	68.70271	0.30278	 	1.70017E32	 	1.09992E-32	 	-10980.174	25.4754	 
105.0	1.0	0.0	7.68756	6.8419	-15.99071	19.19505	15.89812	0.77506	1.29022	179.30014	151.37949	68.82431	0.30259	 	5.1501999999999996E32	 	3.58366E-33	 	-11107.226	25.4104	 
100.0	1.0	0.0	7.68979	6.83991	-16.01513	19.17677	15.82618	0.76829	1.30159	179.58997	151.47763	68.94567	0.3024	 	1.60714E33	 	1.13322E-33	 	-11233.946	25.344	 
95.0	1.0	0.0	7.69202	6.83793	-16.03951	19.15849	15.75418	0.76146	1.31327	179.87909	151.575	69.06679	0.30221	 	5.1726000000000004E33	 	3.47378E-34	 	-11360.329	25.2766	 
90.0	1.0	0.0	7.69425	6.83595	-16.06384	19.14021	15.68211	0.75457	1.32526	180.16753	151.6716	69.18769	0.30202	 	1.71927E34	 	1.03093E-34	 	-11486.37	25.2082	 
85.0	1.0	0.0	7.69648	6.83397	-16.08812	19.12194	15.60996	0.74762	1.33758	180.45529	151.76744	69.30836	0.30183	 	5.90939E34	 	2.95808E-35	 	-11612.061	25.1382	 
80.0	1.0	0.0	7.69871	6.83199	-16.11236	19.10368	15.53774	0.74061	1.35024	180.74239	151.86255	69.42882	0.30164	 	2.10341E35	 	8.19448E-36	 	-11737.395	25.0668	 
75.0	1.0	0.0	7.70093	6.83002	-16.13655	19.08542	15.46544	0.73354	1.36326	181.02884	151.95692	69.54905	0.30145	 	7.765049999999999E35	 	2.18831E-36	 	-11862.366	24.9942	 
70.0	1.0	0.0	7.70314	6.82806	-16.1607	19.06716	15.39305	0.7264	1.37665	181.31465	152.05058	69.66908	0.30126	 	2.97779E36	 	5.62441E-37	 	-11986.965	24.9198	 
65.0	1.0	0.0	7.70536	6.8261	-16.1848	19.04891	15.32059	0.7192	1.39043	181.59984	152.14354	69.7889	0.30107	 	1.18825E37	 	1.38896E-37	 	-12111.185	24.844	 
60.0	1.0	0.0	7.70757	6.82414	-16.20885	19.03067	15.24803	0.71194	1.40461	181.88442	152.23582	69.90853	0.30087	 	4.942639999999999E37	 	3.28978E-38	 	-12235.017	24.7664	 
55.0	1.0	0.0	7.70978	6.82218	-16.23286	19.01243	15.17538	0.70461	1.41922	182.16841	152.32743	70.02797	0.30068	 	2.1472199999999997E38	 	7.45902E-39	 	-12358.45	24.6866	 
50.0	1.0	0.0	7.71199	6.82023	-16.25683	18.99419	15.10264	0.69722	1.43427	182.45184	152.41839	70.14722	0.30049	 	9.761919999999999E38	 	1.61568E-39	 	-12481.477	24.6054	 
45.0	1.0	0.0	7.71419	6.81828	-16.28074	18.97596	15.0298	0.68976	1.44978	182.73472	152.50872	70.2663	0.3003	 	4.6544200000000005E39	 	3.33621E-40	 	-12604.085	24.5216	 
40.0	1.0	0.0	7.71639	6.81634	-16.30461	18.95773	14.95685	0.68223	1.46578	183.01708	152.59844	70.38521	0.30011	 	2.33269E40	 	6.55213E-41	 	-12726.265	24.436	 
35.0	1.0	0.0	7.71859	6.8144	-16.32844	18.93951	14.8838	0.67463	1.48229	183.29893	152.68758	70.50396	0.29992	 	1.23187E41	 	1.22091E-41	 	-12848.003	24.3476	 
30.0	1.0	0.0	7.72078	6.81246	-16.35222	18.9213	14.81063	0.66696	1.49933	183.58031	152.77615	70.62257	0.29973	 	6.87243E41	 	2.15295E-42	 	-12969.287	24.2568	 
25.0	1.0	0.0	7.72297	6.81053	-16.37595	 	14.73734	0.65922	1.51693	183.86125	152.86419	70.74103	0.29954	 	4.0615999999999995E42	 	3.58282E-43	 	-13090.105	 	 
