T (C)	Fraction solid (wt)-TOTAL	Fraction liquid (wt)-LIQUID	Density (g/(cm)^3)-TOTAL	Molar volume (cm^3)-TOTAL	Volume change (%)-  	Average expansion coeff. (10e-6 1/K)-  	Thermal conductivity (W/(m*K))-TOTAL	Electrical resistivity (10e-6 Ohm*m)-TOTAL	Electrical conductivity (10e6 1/(Ohm*m))-TOTAL	Young's modulus (GPa)-TOTAL	Bulk modulus (GPa)-TOTAL	Shear modulus(GPa)-TOTAL	Poisson's ratio-TOTAL	Liquid viscosity (mPa s)-  	Total viscosity (mPa s)-  	Liquid diffusivity (10e-9 (m^2)/s)-  	Total diffusivity (10e-9 (m^2)/s)-  	Surface Tension (mN/m)-  	Enthalpy (J/mole)-TOTAL	Specific heat (J/(mole K))-TOTAL	Latent heat (J/mole)-TOTAL
1500.0	0.0	1.0	7.01771	7.90717	0.0	28.06521	31.77763	1.8182	0.54999	0.0	107.09849	0.0	0.49974	6.81976	6.81976	1.269	1.269	1657.79711	64978.799	 	0.0
1495.0	0.0	1.0	7.02161	7.90278	-0.0555437	28.01908	31.70214	1.81739	0.55024	0.0	107.28698	0.0	0.49974	6.87996	6.87996	1.25435	1.25435	1658.58685	64758.725	44.0148	0.0
1490.0	0.0	1.0	7.02551	7.8984	-0.11093	27.97303	31.62664	1.81658	0.55049	0.0	107.47547	0.0	0.49974	6.94102	6.94102	1.2398	1.2398	1659.36263	64539.133	43.9184	0.0
1485.0	0.0	1.0	7.02939	7.89403	-0.16617	27.92706	31.55113	1.81576	0.55073	0.0	107.66396	0.0	0.49974	7.00299	7.00299	1.22535	1.22535	1660.12429	64320.019	43.8228	0.0
1480.0	0.0	1.0	7.03327	7.88968	-0.22125	27.88117	31.47562	1.81494	0.55098	0.0	107.85244	0.0	0.49974	7.06586	7.06586	1.21099	1.21099	1660.87167	64101.38	43.7278	0.0
1475.0	0.0	1.0	7.03715	7.88533	-0.27618	27.83536	31.4001	1.81412	0.55123	0.0	108.04093	0.0	0.49974	7.12966	7.12966	1.19673	1.19673	1661.60463	63883.213	43.6334	0.0
1470.0	0.0	1.0	7.04101	7.881	-0.33095	27.78964	31.32457	1.81329	0.55148	0.0	108.22942	0.0	0.49974	7.19442	7.19442	1.18257	1.18257	1662.32299	63665.516	43.5394	0.0
1465.0	0.0	1.0	7.04487	7.87668	-0.38557	27.74399	31.24903	1.81246	0.55174	0.0	108.41791	0.0	0.49974	7.26013	7.26013	1.1685	1.1685	1663.02659	63448.284	43.4464	0.0
1460.0	0.0	1.0	7.04873	7.87238	-0.44003	27.69843	31.17349	1.81163	0.55199	0.0	108.6064	0.0	0.49974	7.32683	7.32683	1.15453	1.15453	1663.71528	63231.516	43.3536	0.0
1455.0	0.0	1.0	7.05258	7.86808	-0.49434	27.65296	31.09793	1.81079	0.55225	0.0	108.79489	0.0	0.49974	7.39454	7.39454	1.14066	1.14066	1664.38888	63015.208	43.2616	0.0
1450.0	0.0	1.0	7.05642	7.8638	-0.5485	27.60758	31.02237	1.80995	0.5525	0.0	108.98337	0.0	0.49974	7.46326	7.46326	1.12689	1.12689	1665.04724	62799.389	43.1638	0.0
1445.0	0.0	1.0	7.06025	7.85953	-0.6025	27.56228	30.9468	1.8091	0.55276	0.0	109.17186	0.0	0.49974	7.53304	7.53304	1.11321	1.11321	1665.69019	62584.11	43.0558	0.0
1440.0	0.0	1.0	7.06408	7.85527	-0.65635	27.51707	30.87122	1.80825	0.55302	0.0	109.36035	0.0	0.49974	7.60388	7.60388	1.09963	1.09963	1666.31755	62369.363	42.9494	0.0
1435.0	0.0	1.0	7.0679	7.85103	-0.71005	27.47194	30.79564	1.8074	0.55328	0.0	109.54884	0.0	0.49974	7.6758	7.6758	1.08615	1.08615	1666.92917	62155.144	42.8438	0.0
1430.0	0.0	1.0	7.07171	7.84679	-0.76359	27.42691	30.72005	1.80654	0.55354	0.0	109.73733	0.0	0.49974	7.74884	7.74884	1.07276	1.07276	1667.52486	61941.449	42.739	0.0
1425.0	0.0	1.0	7.07552	7.84257	-0.81697	27.38197	30.64445	1.80569	0.55381	0.0	109.92582	0.0	0.49974	7.823	7.823	1.05947	1.05947	1668.10447	61728.274	42.635	0.0
1420.0	0.0	1.0	7.07932	7.83836	-0.8702	27.33712	30.56884	1.80482	0.55407	0.0	110.1143	0.0	0.49974	7.89832	7.89832	1.04628	1.04628	1668.66782	61515.617	42.5314	0.0
1415.0	0.0	1.0	7.08311	7.83416	-0.92328	27.29236	30.49322	1.80395	0.55434	0.0	110.30279	0.0	0.49974	7.97482	7.97482	1.03318	1.03318	1669.21473	61303.474	42.4286	0.0
1410.0	0.0	1.0	7.08689	7.82998	-0.9762	27.2477	30.4176	1.80308	0.55461	0.0	110.49128	0.0	0.49974	8.05252	8.05252	1.02018	1.02018	1669.74503	61091.841	42.3266	0.0
1409.46	0.0	1.0	7.0873	7.82953	-0.98189	27.2429	30.40945	1.80299	0.55463	0.0	110.51157	0.0	0.49974	8.06095	8.06095	1.01879	1.01879	1669.80111	61069.09	42.2732	0.0020
1407.17	0.0548201	0.94518	7.09774	7.81794	-1.12842	26.89078	30.66287	1.78565	0.56002	5.66396E-4	108.77037	1.89854E-4	0.49166	8.0825	8.72991	1.01469	0.93944	1666.72379	60496.206	 	476.152
1405.0	0.14093	0.85907	7.11214	7.80216	-1.32808	26.39092	30.90942	1.76912	0.56525	0.00543884	107.27655	0.00183795	0.47959	8.10768	12.83941	1.01023	0.63793	1662.42487	59507.875	349.906	1372.837
1400.0	0.30576	0.69424	7.14025	7.7714	-1.71701	25.42695	31.38352	1.7372	0.57564	0.13845	104.64316	0.0475352	0.45629	8.1653	94.3574	1.00011	0.0865457	1652.92457	57583.718	384.831	3086.369
1395.0	0.42814	0.57186	7.16182	7.748	-2.013	24.71013	31.73267	1.71296	0.58379	0.69839	102.84535	0.2427	0.4388	8.22372	359.3072	0.99004	0.0226598	1643.95811	56106.385	295.467	4353.577
1390.0	0.52126	0.47874	7.17886	7.72962	-2.24542	24.16259	31.9914	1.69401	0.59032	1.92976	101.60734	0.67694	0.42536	8.28301	830.54089	0.98001	0.00977366	1635.48486	54937.584	233.76	5312.748
1385.0	0.59363	0.40637	7.19272	7.71471	-2.43396	23.73193	32.18288	1.67887	0.59564	3.96063	100.75793	1.3997	0.41482	8.34287	1481.35625	0.97005	0.00546325	1627.46721	53987.591	189.999	6053.606
1380.0	0.65089	0.34911	7.20423	7.70242	-2.58939	23.38965	32.32272	1.66656	0.60004	6.7988	100.18793	2.4171	0.4064	8.40369	2273.73968	0.96013	0.00354861	1619.86279	53196.629	158.192	6635.922
1375.0	0.69694	0.30306	7.21402	7.69193	-2.72202	23.10813	32.42367	1.65635	0.60374	10.34531	99.81955	3.69591	0.39956	8.46515	3174.60868	0.95027	0.00253392	1612.64207	52523.692	134.587	7100.699
1370.0	0.73447	0.26553	7.22248	7.68298	-2.83523	22.87863	32.4953	1.64769	0.60691	14.4234	99.60342	5.17361	0.39394	8.52794	4159.75656	0.94042	0.00192795	1605.7628	51940.024	116.734	7476.691
1365.0	0.76544	0.23456	7.22997	7.67501	-2.93609	22.68193	32.54344	1.64024	0.60967	18.8298	99.49971	6.77701	0.38924	8.59106	5213.35872	0.93067	0.00153364	1599.20706	51425.03	102.999	7784.49
1360.0	0.7913	0.2087	7.23664	7.66794	-3.02543	22.51611	32.5733	1.63374	0.61209	23.36524	99.48423	8.4334	0.38528	8.65558	6326.0173	0.92091	0.00126003	1592.93774	50963.681	92.2698	8039.122
1355.0	0.81309	0.18691	7.24269	7.66157	-3.10604	22.37364	32.58843	1.62798	0.61426	27.86884	99.53709	10.08351	0.3819	8.72115	7493.13425	0.91119	0.00106052	1586.93257	50544.82	83.7722	8251.743
1350.0	0.83161	0.16839	7.24824	7.6557	-3.18022	22.24826	32.59148	1.62283	0.61621	32.22582	99.64324	11.68457	0.37899	8.78743	8714.0392	0.90154	9.0913E-4	1581.17291	50160.035	76.957	8430.758
1345.0	0.84749	0.15251	7.25338	7.65031	-3.24849	22.13874	32.58484	1.61816	0.61799	36.36505	99.79223	13.20962	0.37646	8.85516	9990.64298	0.89189	7.90519E-4	1575.63341	49802.893	71.4284	8582.598
1340.0	0.8612	0.1388	7.25819	7.64524	-3.31251	22.04048	32.57003	1.61389	0.61962	40.24192	99.97555	14.64146	0.37425	8.92358	11325.33439	0.88231	6.95201E-4	1570.30196	49468.413	66.896	8712.243
1335.0	0.87313	0.12687	7.26272	7.64048	-3.3727	21.95244	32.54863	1.60995	0.62114	43.85531	100.18646	15.97893	0.37229	8.99352	12725.45024	0.87274	6.16794E-4	1565.15778	49152.515	63.1796	8823.77
1333.01	0.87747	0.12253	7.26448	7.63863	-3.39611	21.91878	32.53846	1.60846	0.62171	45.22247	100.27677	16.48572	0.37156	9.02133	13302.61564	0.86897	5.89302E-4	1563.15053	49031.198	 	8863.819
1330.0	0.88559	0.11441	7.26794	7.63502	-3.44185	21.83799	32.52974	1.60587	0.62271	47.85807	100.39063	17.46339	0.37024	9.07446	14319.6426	0.86226	5.46423E-4	1559.82648	48827.34	65.035	8945.034
1325.0	0.89751	0.10249	7.27333	7.62937	-3.51322	21.71625	32.50904	1.60188	0.62426	51.90084	100.60455	18.96598	0.36826	9.16332	16066.10918	0.85124	4.85505E-4	1554.50526	48506.102	64.2476	9062.819
1320.0	0.90766	0.0923397	7.27827	7.62422	-3.57843	21.61139	32.48151	1.59823	0.62569	55.50136	100.84595	20.30716	0.36655	9.25379	17878.01839	0.84028	4.34935E-4	1549.39335	48204.531	60.3142	9161.392
1315.0	0.91636	0.0836371	7.28287	7.6194	-3.63935	21.51818	32.44835	1.59484	0.62702	58.7198	101.10832	21.50845	0.36504	9.34513	19767.01965	0.82946	3.92136E-4	1544.48183	47918.945	57.1172	9244.433
1310.0	0.92393	0.0760669	7.2872	7.6149	-3.69623	21.43606	32.41078	1.59166	0.62827	61.62079	101.38801	22.59319	0.3637	9.43862	21749.09414	0.81865	3.55277E-4	1539.74327	47646.012	54.5866	9315.268
1305.0	0.93058	0.0694206	7.29133	7.61061	-3.75055	21.36076	32.36945	1.58866	0.62946	64.25678	101.681	23.58047	0.3625	9.5331	23838.32616	0.80798	3.23117E-4	1535.17482	47383.447	52.513	9376.184
1300.0	0.93645	0.0635461	7.29528	7.6065	-3.80244	21.29201	32.32507	1.5858	0.6306	66.66385	101.98502	24.48338	0.36141	9.62944	26046.87174	0.79736	2.94782E-4	1530.75818	47129.585	50.7724	9428.842
1295.0	0.94168	0.0583227	7.29908	7.60256	-3.8523	21.22873	32.27812	1.58306	0.63169	68.87415	102.29829	25.31362	0.36042	9.72718	28388.35065	0.78684	2.69609E-4	1526.48192	46883.093	49.2984	9474.57
1290.0	0.94635	0.0536521	7.30276	7.59875	-3.90047	21.16995	32.22894	1.58042	0.63274	70.91418	102.61914	26.08087	0.35951	9.82688	30876.56901	0.77637	2.47092E-4	1522.33623	46642.898	48.039	9514.442
1285.0	0.95054	0.0494565	7.30634	7.59506	-3.94724	21.11486	32.17785	1.57787	0.63377	72.80694	102.94635	26.79358	0.35866	9.92814	33526.48123	0.766	2.26834E-4	1518.31251	46408.124	46.9548	9549.329
1280.0	0.95433	0.045669	7.30983	7.59146	-3.99276	21.06307	32.12514	1.57538	0.63477	74.57169	103.27891	27.45881	0.35788	10.03142	36353.62855	0.75568	2.08522E-4	1514.40139	46178.053	46.0142	9579.947
1275.0	0.95777	0.0422344	7.31326	7.58793	-4.03739	21.01353	32.07102	1.57296	0.63574	76.22516	103.61582	28.08273	0.35715	10.13587	39374.59941	0.74548	1.91904E-4	1510.60074	45952.089	45.1928	9606.89
1270.0	0.96089	0.0391094	7.31661	7.58448	-4.08096	20.96677	32.01571	1.57059	0.6367	77.78055	103.95663	28.6702	0.35647	10.24286	42607.80609	0.73532	1.76769E-4	1506.89557	45729.737	44.4704	9630.65
1265.0	0.96374	0.036256	7.31992	7.58109	-4.12386	20.92167	31.95927	1.56827	0.63765	79.2493	104.30054	29.22544	0.35583	10.35159	46072.3276	0.72523	1.62947E-4	1503.2873	45510.581	43.8312	9651.641
1260.0	0.96636	0.0336401	7.32317	7.57775	-4.1661	20.8782	31.90193	1.56598	0.63858	80.64244	104.64714	29.75255	0.35522	10.46199	49789.02908	0.71525	1.50293E-4	1499.76873	45294.27	43.2622	9670.21
1255.0	0.96876	0.0312352	7.32639	7.57446	-4.20769	20.83637	31.84372	1.56372	0.6395	81.96698	104.99608	30.2541	0.35464	10.5747	53780.43398	0.70532	1.38685E-4	1496.33229	45080.506	42.7528	9686.655
1250.0	0.97098	0.0290194	7.32957	7.57121	-4.24882	20.7956	31.78479	1.5615	0.64041	83.23134	105.34688	30.73322	0.35409	10.68916	58070.76562	0.69548	1.28018E-4	1492.97853	44869.033	42.2946	9701.227
1245.0	0.97303	0.0269712	7.33271	7.568	-4.28944	20.75607	31.72521	1.55929	0.64132	84.44144	105.69937	31.19212	0.35357	10.80599	62686.80328	0.6857	1.18202E-4	1489.69935	44659.636	41.8794	9714.14
1240.0	0.97493	0.0250731	7.33583	7.56482	-4.32962	20.71755	31.66503	1.55711	0.64221	85.60286	106.05326	31.63285	0.35307	10.9252	67657.58814	0.67599	1.09157E-4	1486.4922	44452.118	41.5036	9725.598
1235.0	0.97669	0.0233116	7.33892	7.56167	-4.36942	20.67989	31.60436	1.55495	0.64311	86.72008	106.4083	32.0571	0.35259	11.04643	73013.27943	0.66636	1.00816E-4	1483.3555	44246.315	41.1606	9735.765
1230.0	0.97833	0.0216722	7.34199	7.55855	-4.40891	20.64289	31.54318	1.5528	0.644	87.79799	106.76431	32.46667	0.35212	11.17009	78790.04794	0.6568	9.31146E-5	1480.28614	44042.083	40.8464	9744.784
1225.0	0.97986	0.0201447	7.34505	7.55545	-4.4481	20.60654	31.48161	1.55066	0.64489	88.83945	107.12105	32.86264	0.35168	11.29577	85022.4542	0.64733	8.6002E-5	1477.28246	43839.297	40.5572	9752.777
1220.0	0.98128	0.0187188	7.34808	7.55238	-4.48698	20.57084	31.41963	1.54853	0.64577	89.84771	107.4785	33.24621	0.35125	11.42408	91753.12425	0.63792	7.94272E-5	1474.34052	43637.847	40.29	9759.85
1215.0	0.98262	0.017384	7.35109	7.54932	-4.52559	20.53568	31.3573	1.54641	0.64666	90.82561	107.83644	33.61844	0.35083	11.55505	99025.4932	0.62858	7.33477E-5	1471.45854	43437.637	40.042	9766.1
1210.0	0.98386	0.0161353	7.35409	7.54629	-4.56398	20.50094	31.29468	1.5443	0.64754	91.77621	108.19475	33.98048	0.35043	11.68819	106888.0852	0.61933	6.7724E-5	1468.63685	43238.58	39.8114	9771.609
1205.0	0.98504	0.0149643	7.35708	7.54327	-4.60214	20.46663	31.23175	1.5422	0.64843	92.70071	108.55334	34.33278	0.35003	11.82412	115393.7852	0.61015	6.25206E-5	1465.87294	43040.6	39.596	9776.452
1202.18	0.98584	0.014159	7.35888	7.54147	-4.62495	20.44302	31.19637	1.541	0.64893	93.28734	108.75492	34.55635	0.34979	11.90169	120587.2087	0.60502	5.97139E-5	1464.33462	42928.224	 	9780.141
1200.0	0.98682	0.0131821	7.36034	7.53992	-4.64457	20.41838	31.17003	1.54002	0.64934	93.90932	108.91562	34.79364	0.34952	12.01215	124959.2587	0.59857	5.75394E-5	1462.77487	42832.714	41.5772	9791.609
1195.0	0.98879	0.0112113	7.36363	7.53642	-4.68878	20.36406	31.1089	1.53781	0.65027	95.22724	109.28338	35.29672	0.34895	12.26676	135481.8764	0.58415	5.28903E-5	1459.47975	42617.948	42.9532	9814.053
1190.0	0.99044	0.00955832	7.36686	7.533	-4.73206	20.31223	31.04691	1.53564	0.6512	96.41872	109.65027	35.75184	0.34844	12.5237	146769.0925	0.57022	4.86565E-5	1456.49108	42408.073	41.975	9832.009
1185.0	0.99185	0.00815353	7.37004	7.52964	-4.77455	20.26253	30.98424	1.53348	0.65211	97.50958	110.0164	36.16878	0.34798	12.7832	158911.6562	0.55674	4.47851E-5	1453.76347	42202.085	41.1976	9846.481
1180.0	0.99305	0.00694716	7.37318	7.52633	-4.81639	20.21452	30.92104	1.53135	0.65302	98.52106	110.38179	36.55561	0.34755	13.04597	172005.05	0.54365	4.1234E-5	1451.2607	41999.244	40.5682	9858.202
1175.0	0.9941	0.00590081	7.37628	7.52307	-4.85762	20.16803	30.8574	1.52923	0.65393	99.46696	110.74651	36.91756	0.34715	13.31157	186150.1285	0.53097	3.79697E-5	1448.95241	41798.993	40.0502	9867.735
1170.0	0.99501	0.00498645	7.37935	7.51985	-4.89835	20.12282	30.79342	1.52711	0.65483	100.35948	111.11053	37.25925	0.34677	13.58074	201452.9108	0.51865	3.49643E-5	1446.8155	41600.908	39.617	9875.497
1165.0	0.99582	0.0041802	7.3824	7.51666	-4.93863	20.07868	30.72913	1.52501	0.65574	101.20782	111.47386	37.58419	0.34641	13.85369	218033.7356	0.50667	3.21934E-5	1444.82896	41404.659	39.2498	9881.818
1160.0	0.99653	0.00346543	7.38542	7.51351	-4.97852	20.03544	30.66455	1.5229	0.65664	102.0188	111.83649	37.89497	0.34607	14.12977	236015.8344	0.49504	2.96372E-5	1442.97623	41209.985	38.9348	9886.954
1155.0	0.99717	0.00282761	7.38842	7.51039	-5.01802	19.99308	30.59981	1.5208	0.65755	102.79874	112.19846	38.19399	0.34574	14.41007	255539.9674	0.48372	2.72773E-5	1441.24207	41016.68	38.661	9891.113
1150.0	0.99774	0.00225529	7.3914	7.50729	-5.05718	19.95152	30.53485	1.5187	0.65846	103.55092	112.55971	38.4825	0.34543	14.69385	276756.0071	0.47272	2.50981E-5	1439.61511	40824.576	38.4208	9894.457
1145.0	0.99826	0.00173913	7.39436	7.50422	-5.09603	19.91058	30.46972	1.5166	0.65937	104.28058	112.92026	38.76249	0.34512	14.98198	299831.3656	0.462	2.30851E-5	1438.08314	40633.537	38.2078	9897.122
1140.0	0.99873	0.00127082	7.3973	7.50117	-5.13458	19.87032	30.40439	1.5145	0.66028	104.99	113.28011	39.03483	0.34482	15.27472	324949.2582	0.45155	2.12256E-5	1436.63658	40443.452	38.017	9899.218
1136.3	0.99905	9.51312E-4	7.39947	7.49892	-5.16298	19.84077	30.35593	1.51294	0.66096	105.50451	113.54612	39.23241	0.34461	15.49437	344988.3478	0.44398	1.99403E-5	1435.6155	40303.237	 	9900.454
1136.3	0.99905	9.51312E-4	7.39947	7.49892	-5.16298	19.84078	30.35593	1.51294	0.66096	105.50451	113.54613	39.23241	0.34461	15.49435	344988.6211	0.44398	1.99403E-5	1435.61541	40303.235	 	9900.454
1135.0	0.99917	8.30582E-4	7.40029	7.49809	-5.17352	19.82835	30.33856	1.51242	0.66119	105.68881	113.63863	39.30322	0.34453	15.56437	352337.3707	0.44157	1.95064E-5	1435.14661	40253.758	37.9388	9901.304
1130.0	0.99961	3.93444E-4	7.40343	7.4949	-5.21389	19.78117	30.2716	1.51038	0.66208	106.38792	113.99494	39.57191	0.34424	15.83532	382258.2321	0.43248	1.79157E-5	1433.42558	40063.537	38.0442	9904.298
1125.0	1.0	0.0	7.40654	7.49175	-5.25372	19.7354	30.20461	1.50834	0.66298	107.06826	114.35075	39.8335	0.34395	 	414886.6135	 	1.64479E-5	 	39874.283	37.8508	9906.702
1120.0	1.0	0.0	7.40899	7.48927	-5.28507	19.71823	30.13839	1.50624	0.6639	107.54308	114.70634	40.01629	0.34374	 	449821.1936	 	1.51163E-5	 	39677.52	39.3526	 
1115.0	1.0	0.0	7.41144	7.4868	-5.31637	19.70108	30.07217	1.50414	0.66483	108.01803	115.06114	40.19918	0.34354	 	487988.1264	 	1.3884E-5	 	39494.967	36.5106	 
1110.0	1.0	0.0	7.41389	7.48432	-5.34762	19.68394	30.00594	1.50203	0.66576	108.4931	115.41513	40.38217	0.34333	 	529712.5428	 	1.27443E-5	 	39312.676	36.4582	 
1105.0	1.0	0.0	7.41633	7.48186	-5.37882	19.66681	29.93969	1.49992	0.6667	108.96828	115.76831	40.56526	0.34312	 	575354.8374	 	1.16909E-5	 	39130.629	36.4094	 
1100.0	1.0	0.0	7.41877	7.47939	-5.40997	19.6497	29.87344	1.49779	0.66765	109.44356	116.12067	40.74845	0.34292	 	625314.7651	 	1.07178E-5	 	38948.828	36.3602	 
1095.0	1.0	0.0	7.42121	7.47693	-5.44108	19.63259	29.80718	1.49565	0.6686	109.91892	116.4722	40.93172	0.34271	 	680036.0469	 	9.81948E-6	 	38767.278	36.31	 
1090.0	1.0	0.0	7.42365	7.47448	-5.47213	19.6155	29.7409	1.49351	0.66957	110.39436	116.82289	41.11508	0.3425	 	740011.5476	 	8.99067E-6	 	38585.981	36.2594	 
1085.0	1.0	0.0	7.42609	7.47203	-5.50313	19.59842	29.67462	1.49135	0.67053	110.86987	117.17272	41.29851	0.3423	 	805789.1053	 	8.22646E-6	 	38404.936	36.209	 
1080.0	1.0	0.0	7.42852	7.46958	-5.53409	19.58135	29.60832	1.48919	0.67151	111.34542	117.52171	41.48203	0.34209	 	877978.0959	 	7.52227E-6	 	38224.143	36.1586	 
1075.0	1.0	0.0	7.43095	7.46714	-5.56499	19.5643	29.54202	1.48702	0.67249	111.82102	117.86982	41.66561	0.34189	 	957256.8338	 	6.87379E-6	 	38043.598	36.109	 
1070.0	1.0	0.0	7.43338	7.4647	-5.59585	19.54725	29.4757	1.48483	0.67348	112.29665	118.21707	41.84926	0.34168	 	1044380.92	 	6.277E-6	 	37863.302	36.0592	 
1065.0	1.0	0.0	7.43581	7.46226	-5.62666	19.53022	29.40937	1.48264	0.67447	112.7723	118.56343	42.03298	0.34147	 	1140192.665	 	5.72814E-6	 	37683.252	36.01	 
1060.0	1.0	0.0	7.43823	7.45983	-5.65742	19.5132	29.34304	1.48044	0.67547	113.24796	118.9089	42.21676	0.34127	 	1245631.742	 	5.22367E-6	 	37503.447	35.961	 
1055.0	1.0	0.0	7.44065	7.4574	-5.68813	19.4962	29.27669	1.47823	0.67648	113.72362	119.25347	42.40059	0.34106	 	1361747.221	 	4.76033E-6	 	37323.887	35.912	 
1050.0	1.0	0.0	7.44307	7.45497	-5.71879	19.4792	29.21033	1.47601	0.6775	114.19926	119.59714	42.58447	0.34086	 	1489711.199	 	4.33505E-6	 	37144.569	35.8636	 
1045.0	1.0	0.0	7.44549	7.45255	-5.74941	19.46222	29.14396	1.47378	0.67853	114.67488	119.9399	42.7684	0.34065	 	1630834.231	 	3.94495E-6	 	36965.493	35.8152	 
1040.0	1.0	0.0	7.44791	7.45014	-5.77997	19.44525	29.07758	1.47155	0.67956	115.15046	120.28173	42.95238	0.34044	 	1786582.826	 	3.58738E-6	 	36786.656	35.7674	 
1035.0	1.0	0.0	7.45032	7.44772	-5.81049	19.42829	29.01119	1.4693	0.6806	115.626	120.62264	43.13639	0.34024	 	1958599.285	 	3.25986E-6	 	36608.058	35.7196	 
1030.0	1.0	0.0	7.45273	7.44532	-5.84096	19.41134	28.94479	1.46704	0.68164	116.10148	120.96261	43.32044	0.34003	 	2148724.239	 	2.96006E-6	 	36429.698	35.672	 
1025.0	1.0	0.0	7.45514	7.44291	-5.87138	19.39441	28.87838	1.46477	0.6827	116.57689	121.30163	43.50452	0.33983	 	2359022.251	 	2.68584E-6	 	36251.573	35.625	 
1020.0	1.0	0.0	7.45755	7.44051	-5.90175	19.37748	28.81195	1.46249	0.68376	117.05223	121.6397	43.68863	0.33962	 	2591810.936	 	2.43519E-6	 	36073.683	35.578	 
1015.0	1.0	0.0	7.45995	7.43811	-5.93207	19.36057	28.74552	1.46021	0.68484	117.52748	121.97682	43.87276	0.33941	 	2849694.113	 	2.20625E-6	 	35896.026	35.5314	 
1010.0	1.0	0.0	7.46235	7.43572	-5.96235	19.34367	28.67908	1.45791	0.68591	118.00263	122.31297	44.05691	0.33921	 	3135599.571	 	1.9973E-6	 	35718.6	35.4852	 
1005.0	1.0	0.0	7.46475	7.43333	-5.99257	19.32679	28.61262	1.4556	0.687	118.47767	122.64814	44.24108	0.339	 	3452822.136	 	1.80673E-6	 	35541.403	35.4394	 
1000.0	1.0	0.0	7.46715	7.43094	-6.02275	19.30991	28.54615	1.45328	0.6881	118.95259	122.98234	44.42526	0.33879	 	3805072.832	 	1.63306E-6	 	35364.435	35.3936	 
995.0	1.0	0.0	7.46954	7.42856	-6.05288	19.29305	28.47968	1.45095	0.6892	119.42738	123.31555	44.60945	0.33859	 	4196535.033	 	1.47491E-6	 	35187.694	35.3482	 
990.0	1.0	0.0	7.47194	7.42618	-6.08296	19.2762	28.41319	1.44861	0.69031	119.90203	123.64776	44.79364	0.33838	 	4631928.673	 	1.33101E-6	 	35011.177	35.3034	 
985.0	1.0	0.0	7.47433	7.4238	-6.113	19.25936	28.34669	1.44626	0.69144	120.37654	123.97898	44.97784	0.33818	 	5116583.74	 	1.20016E-6	 	34834.884	35.2586	 
980.0	1.0	0.0	7.47671	7.42143	-6.14298	19.24254	28.28018	1.44391	0.69257	120.85088	124.30918	45.16203	0.33797	 	5656524.461	 	1.08128E-6	 	34658.812	35.2144	 
975.0	1.0	0.0	7.4791	7.41907	-6.17292	19.22573	28.21366	1.44153	0.69371	121.32504	124.63838	45.34621	0.33776	 	6258565.837	 	9.73372E-7	 	34482.961	35.1702	 
970.0	1.0	0.0	7.48148	7.4167	-6.20281	19.20892	28.14712	1.43915	0.69485	121.79903	124.96655	45.53038	0.33756	 	6930424.442	 	8.75488E-7	 	34307.327	35.1268	 
965.0	1.0	0.0	7.48386	7.41434	-6.23265	19.19213	28.08058	1.43676	0.69601	122.27282	125.29369	45.71453	0.33735	 	7680845.715	 	7.86776E-7	 	34131.909	35.0836	 
960.0	1.0	0.0	7.48624	7.41199	-6.26245	19.17536	28.01402	1.43436	0.69718	122.74641	125.6198	45.89867	0.33715	 	8519750.346	 	7.06441E-7	 	33956.706	35.0406	 
955.0	1.0	0.0	7.48862	7.40964	-6.29219	19.15859	27.94746	1.43195	0.69835	123.21979	125.94486	46.08279	0.33694	 	9458402.788	 	6.33753E-7	 	33781.714	34.9984	 
950.0	1.0	0.0	7.49099	7.40729	-6.32189	19.14184	27.88088	1.42952	0.69953	123.69295	126.26888	46.26687	0.33673	 	1.050960543E7	 	5.68041E-7	 	33606.934	34.956	 
945.0	1.0	0.0	7.49336	7.40494	-6.35154	19.1251	27.81429	1.42709	0.70073	124.16587	126.59185	46.45093	0.33653	 	1.168792256E7	 	5.08686E-7	 	33432.361	34.9146	 
940.0	1.0	0.0	7.49573	7.4026	-6.38114	19.10837	27.74769	1.42464	0.70193	124.63854	126.91375	46.63495	0.33632	 	1.300993899E7	 	4.5512E-7	 	33257.995	34.8732	 
935.0	1.0	0.0	7.4981	7.40026	-6.4107	19.09165	27.68108	1.42218	0.70314	125.11097	127.23459	46.81893	0.33612	 	1.449455893E7	 	4.0682E-7	 	33083.833	34.8324	 
930.0	1.0	0.0	7.50047	7.39793	-6.44021	19.07495	27.61446	1.41971	0.70437	125.58313	127.55435	47.00288	0.33591	 	1.616335188E7	 	3.63308E-7	 	32909.872	34.7922	 
925.0	1.0	0.0	7.50283	7.3956	-6.46967	19.05825	27.54782	1.41723	0.7056	126.05501	127.87303	47.18677	0.3357	 	1.80409532E7	 	3.24144E-7	 	32736.112	34.752	 
920.0	1.0	0.0	7.50519	7.39328	-6.49908	19.04157	27.48118	1.41474	0.70684	126.52661	128.19063	47.37062	0.3355	 	2.015552861E7	 	2.88927E-7	 	32562.549	34.7126	 
915.0	1.0	0.0	7.50755	7.39095	-6.52845	19.0249	27.41452	1.41224	0.7081	126.99792	128.50713	47.55441	0.33529	 	2.253931336E7	 	2.57287E-7	 	32389.18	34.6738	 
910.0	1.0	0.0	7.5099	7.38864	-6.55777	19.00825	27.34785	1.40972	0.70936	127.46892	128.82254	47.73814	0.33508	 	2.522923888E7	 	2.28888E-7	 	32216.005	34.635	 
905.0	1.0	0.0	7.51226	7.38632	-6.58704	18.9916	27.28117	1.4072	0.71063	127.93961	129.13685	47.92182	0.33488	 	2.82676616E7	 	2.03422E-7	 	32043.019	34.5972	 
900.0	1.0	0.0	7.51461	7.38401	-6.61626	18.97497	27.21448	1.40466	0.71192	128.40998	129.45004	48.10543	0.33467	 	3.1703212E7	 	1.80608E-7	 	31870.221	34.5596	 
895.0	1.0	0.0	7.51696	7.3817	-6.64544	18.95835	27.14777	1.40211	0.71321	128.88001	129.76212	48.28897	0.33447	 	3.559178447E7	 	1.6019E-7	 	31697.607	34.5228	 
890.0	1.0	0.0	7.5193	7.3794	-6.67457	18.94174	27.08106	1.39955	0.71452	129.3497	130.07308	48.47244	0.33426	 	3.999769288E7	 	1.41934E-7	 	31525.176	34.4862	 
885.0	1.0	0.0	7.52165	7.3771	-6.70365	18.92515	27.01433	1.39697	0.71583	129.81903	130.38291	48.65583	0.33405	 	4.499502105E7	 	1.25628E-7	 	31352.923	34.4506	 
880.0	1.0	0.0	7.52399	7.3748	-6.73269	18.90856	26.94759	1.39439	0.71716	130.288	130.69161	48.83915	0.33385	 	5.066920304E7	 	1.11078E-7	 	31180.847	34.4152	 
875.0	1.0	0.0	7.52633	7.37251	-6.76168	18.89199	26.88084	1.39179	0.7185	130.7566	130.99918	49.02238	0.33364	 	5.711887428E7	 	9.81083E-8	 	31008.945	34.3804	 
870.0	1.0	0.0	7.52866	7.37022	-6.79062	18.87543	26.81408	1.38918	0.71985	131.22482	131.3056	49.20552	0.33344	 	6.4458043E7	 	8.65591E-8	 	30837.212	34.3466	 
865.0	1.0	0.0	7.531	7.36794	-6.81951	18.85888	26.7473	1.38656	0.72121	131.69264	131.61087	49.38858	0.33323	 	7.281864004E7	 	7.62858E-8	 	30665.646	34.3132	 
860.0	1.0	0.0	7.53333	7.36566	-6.84836	18.84235	26.68052	1.38392	0.72259	132.16007	131.91499	49.57154	0.33302	 	8.235351713E7	 	6.71571E-8	 	30494.244	34.2804	 
855.0	1.0	0.0	7.53566	7.36338	-6.87716	18.82583	26.61372	1.38127	0.72397	132.62708	132.21794	49.7544	0.33282	 	9.323997663E7	 	5.90543E-8	 	30323.002	34.2484	 
850.0	1.0	0.0	7.53799	7.36111	-6.90592	18.80931	26.54691	1.37861	0.72537	133.09367	132.51974	49.93716	0.33261	 	1.056839324E8	 	5.18699E-8	 	30151.917	34.217	 
845.0	1.0	0.0	7.54031	7.35884	-6.93462	18.79281	26.48009	1.37594	0.72678	133.55983	132.82037	50.11982	0.33241	 	1.19924821E8	 	4.55069E-8	 	29980.985	34.1864	 
840.0	1.0	0.0	7.54264	7.35657	-6.96328	18.77633	26.41325	1.37325	0.7282	134.02555	133.11982	50.30236	0.3322	 	1.362414057E8	 	3.98778E-8	 	29810.201	34.1568	 
835.0	1.0	0.0	7.54496	7.35431	-6.9919	18.75985	26.34641	1.37055	0.72963	134.49083	133.41809	50.4848	0.33199	 	1.549586456E8	 	3.49035E-8	 	29639.563	34.1276	 
830.0	1.0	0.0	7.54727	7.35205	-7.02047	18.74339	26.27955	1.36784	0.73108	134.95564	133.71518	50.66712	0.33179	 	1.76455835E8	 	3.0513E-8	 	29469.065	34.0996	 
825.0	1.0	0.0	7.54959	7.34979	-7.04899	18.72694	26.21268	1.36511	0.73254	135.41999	134.01108	50.84932	0.33158	 	2.011762617E8	 	2.66423E-8	 	29298.705	34.072	 
820.0	1.0	0.0	7.5519	7.34754	-7.07746	18.7105	26.14579	1.36237	0.73401	135.88386	134.30578	51.0314	0.33138	 	2.296386843E8	 	2.32339E-8	 	29128.476	34.0458	 
815.0	1.0	0.0	7.55421	7.34529	-7.10589	18.69407	26.0789	1.35962	0.7355	136.34724	134.59929	51.21335	0.33117	 	2.62450987E8	 	2.02361E-8	 	28958.375	34.0202	 
810.0	1.0	0.0	7.55652	7.34305	-7.13427	18.67766	26.01199	1.35685	0.737	136.81013	134.89159	51.39517	0.33096	 	3.003264529E8	 	1.76028E-8	 	28788.397	33.9956	 
805.0	1.0	0.0	7.55883	7.34081	-7.16261	18.66126	25.94507	1.35407	0.73851	137.27252	135.18269	51.57686	0.33076	 	3.441031799E8	 	1.52925E-8	 	28618.536	33.9722	 
800.0	1.0	0.0	7.56113	7.33857	-7.1909	18.64487	25.87814	1.35128	0.74004	137.73439	135.47257	51.75841	0.33055	 	3.947672848E8	 	1.3268E-8	 	28448.787	33.9498	 
795.0	1.0	0.0	7.56344	7.33634	-7.21914	18.62849	25.8112	1.34847	0.74158	138.19573	135.76124	51.93982	0.33034	 	4.534806717E8	 	1.14964E-8	 	28279.145	33.9284	 
790.0	1.0	0.0	7.56574	7.33411	-7.24734	18.61212	25.74425	1.34565	0.74314	138.65655	136.04868	52.12109	0.33014	 	5.216143136E8	 	9.94791E-9	 	28109.605	33.908	 
785.0	1.0	0.0	7.56803	7.33188	-7.27549	18.59577	25.67728	1.34281	0.7447	139.11682	136.3349	52.30221	0.32993	 	6.00788202E8	 	8.59632E-9	 	27940.159	33.8892	 
780.0	1.0	0.0	7.57033	7.32966	-7.30359	18.57943	25.6103	1.33996	0.74629	139.57655	136.61988	52.48318	0.32973	 	6.929193724E8	 	7.41813E-9	 	27770.801	33.8716	 
775.0	1.0	0.0	7.57262	7.32744	-7.33165	18.5631	25.54331	1.3371	0.74789	140.03571	136.90363	52.664	0.32952	 	8.002797291E8	 	6.39246E-9	 	27601.525	33.8552	 
770.0	1.0	0.0	7.57491	7.32523	-7.35967	18.54678	25.4763	1.33422	0.7495	140.49431	137.18615	52.84465	0.32931	 	9.255657761E8	 	5.5008E-9	 	27432.325	33.84	 
765.0	1.0	0.0	7.5772	7.32302	-7.38763	18.53047	25.40929	1.33133	0.75113	140.95232	137.46741	53.02515	0.32911	 	1.071982842E9	 	4.72671E-9	 	27263.191	33.8268	 
760.0	1.0	0.0	7.57948	7.32081	-7.41555	18.51418	25.34226	1.32842	0.75277	141.40976	137.74743	53.20548	0.3289	 	1.243346969E9	 	4.05562E-9	 	27094.117	33.8148	 
755.0	1.0	0.0	7.58176	7.31861	-7.44343	18.4979	25.27522	1.3255	0.75443	141.86659	138.0262	53.38565	0.3287	 	1.444208387E9	 	3.47467E-9	 	26925.094	33.8046	 
750.0	1.0	0.0	7.58404	7.3164	-7.47126	18.48163	25.20816	1.32256	0.75611	142.32283	138.30371	53.56564	0.32849	 	1.680001368E9	 	2.97246E-9	 	26756.114	33.796	 
745.0	1.0	0.0	7.58632	7.31421	-7.49904	18.46537	25.1411	1.31961	0.7578	142.77845	138.57997	53.74546	0.32828	 	1.957226428E9	 	2.53897E-9	 	26587.167	33.7894	 
740.0	1.0	0.0	7.5886	7.31201	-7.52678	18.44913	25.07402	1.31664	0.75951	143.23345	138.85495	53.92509	0.32808	 	2.283672224E9	 	2.16534E-9	 	26418.244	33.7846	 
735.0	1.0	0.0	7.59087	7.30982	-7.55447	18.43289	25.00693	1.31366	0.76123	143.68782	139.12867	54.10455	0.32787	 	2.668686253E9	 	1.8438E-9	 	26249.334	33.782	 
730.0	1.0	0.0	7.59314	7.30764	-7.58212	18.41667	24.93982	1.31066	0.76297	144.14154	139.40112	54.28382	0.32767	 	3.123505683E9	 	1.56751E-9	 	26080.425	33.7818	 
725.0	1.0	0.0	7.59541	7.30546	-7.60972	18.40046	24.87271	1.30765	0.76473	144.59463	139.67229	54.46291	0.32746	 	3.661662378E9	 	1.33047E-9	 	25911.507	33.7836	 
720.0	1.0	0.0	7.59768	7.30328	-7.63728	18.38427	24.80558	1.30462	0.76651	145.04705	139.94218	54.6418	0.32725	 	4.299479639E9	 	1.12742E-9	 	25742.567	33.788	 
715.0	1.0	0.0	7.59994	7.3011	-7.66479	18.36808	24.73844	1.30157	0.7683	145.49881	140.21079	54.8205	0.32705	 	5.056682578E9	 	9.53771E-10	 	25573.591	33.7952	 
710.0	1.0	0.0	7.6022	7.29893	-7.69225	18.35191	24.67128	1.29851	0.77011	145.94989	140.47811	54.99899	0.32684	 	5.957149459E9	 	8.05505E-10	 	25404.564	33.8054	 
705.0	1.0	0.0	7.60446	7.29676	-7.71967	18.33575	24.60411	1.29543	0.77194	146.4003	140.74414	55.17729	0.32664	 	7.029838344E9	 	6.7912E-10	 	25235.471	33.8186	 
700.0	1.0	0.0	7.60672	7.2946	-7.74704	18.3196	24.53693	1.29234	0.77379	146.85001	141.00888	55.35538	0.32643	 	8.3099321E9	 	5.71569E-10	 	25066.296	33.835	 
695.0	1.0	0.0	7.60897	7.29244	-7.77437	18.30346	24.46973	1.28923	0.77566	147.29902	141.27231	55.53326	0.32622	 	9.840255969E9	 	4.80201E-10	 	24897.02	33.8552	 
690.0	1.0	0.0	7.61122	7.29028	-7.80166	18.28734	24.40252	1.28611	0.77754	147.74732	141.53445	55.71093	0.32602	 	1.1672999999999998E10	 	4.02714E-10	 	24727.624	33.8792	 
685.0	1.0	0.0	7.61347	7.28813	-7.82889	18.27123	24.3353	1.28296	0.77945	148.1949	141.79528	55.88839	0.32581	 	1.3872099999999998E10	 	3.37115E-10	 	24558.088	33.9072	 
680.0	1.0	0.0	7.61572	7.28598	-7.85609	18.25513	24.26806	1.27981	0.78137	148.64176	142.05479	56.06563	0.32561	 	1.6515499999999998E10	 	2.8168E-10	 	24388.387	33.9402	 
675.0	1.0	0.0	7.61796	7.28383	-7.88324	18.23904	24.20081	1.27663	0.78331	149.08789	142.313	56.24264	0.3254	 	1.96992E10	 	2.34918E-10	 	24218.497	33.978	 
670.0	1.0	0.0	7.6202	7.28169	-7.91034	18.22296	24.13355	1.27344	0.78528	149.53327	142.56989	56.41943	0.32519	 	2.3540799999999996E10	 	1.95545E-10	 	24048.392	34.021	 
665.0	1.0	0.0	7.62244	7.27955	-7.9374	18.2069	24.06627	1.27023	0.78726	149.97791	142.82546	56.59599	0.32499	 	2.8185499999999996E10	 	1.62455E-10	 	23878.042	34.07	 
660.0	1.0	0.0	7.62468	7.27741	-7.96441	18.19085	23.99897	1.267	0.78927	150.42178	143.07971	56.77232	0.32478	 	3.3812299999999996E10	 	1.34699E-10	 	23707.414	34.1256	 
655.0	1.0	0.0	7.62692	7.27528	-7.99138	18.17481	23.93166	1.26376	0.79129	150.86488	143.33264	56.94842	0.32457	 	4.06427E10	 	1.11461E-10	 	23536.473	34.1882	 
650.0	1.0	0.0	7.62915	7.27315	-8.0183	18.15878	23.86434	1.26049	0.79334	151.30721	143.58423	57.12427	0.32437	 	4.895089999999999E10	 	9.20447E-11	 	23365.18	34.2586	 
645.0	1.0	0.0	7.63138	7.27102	-8.04518	18.14277	23.797	1.25721	0.79541	151.74876	143.83449	57.29989	0.32416	 	5.907779999999999E10	 	7.58535E-11	 	23193.492	34.3376	 
640.0	1.0	0.0	7.63361	7.2689	-8.07202	18.12676	23.72964	1.25392	0.7975	152.18951	144.08342	57.47526	0.32396	 	7.14478E10	 	6.23792E-11	 	23021.362	34.426	 
635.0	1.0	0.0	7.63583	7.26678	-8.09881	18.11077	23.66227	1.2506	0.79962	152.62946	144.33101	57.65038	0.32375	 	8.65902E10	 	5.11889E-11	 	22848.738	34.5248	 
630.0	1.0	0.0	7.63805	7.26467	-8.12555	18.09479	23.59488	1.24727	0.80175	153.06861	144.57725	57.82525	0.32354	 	1.05167E11	 	4.19149E-11	 	22675.56	34.6356	 
625.0	1.0	0.0	7.64028	7.26256	-8.15225	18.07883	23.52748	1.24392	0.80391	153.50693	144.82215	57.99987	0.32334	 	1.28007E11	 	3.42453E-11	 	22501.765	34.759	 
620.0	1.0	0.0	7.64249	7.26045	-8.17891	18.06287	23.46006	1.24055	0.8061	153.94443	145.06571	58.17423	0.32313	 	1.56153E11	 	2.79164E-11	 	22327.28	34.897	 
615.0	1.0	0.0	7.64471	7.25835	-8.20552	18.04693	23.39262	1.23716	0.8083	154.38109	145.30791	58.34833	0.32293	 	1.90918E11	 	2.27053E-11	 	22152.024	35.0512	 
610.0	1.0	0.0	7.64692	7.25624	-8.23209	18.031	23.32516	1.23375	0.81054	154.81692	145.54876	58.52216	0.32272	 	2.33956E11	 	1.84241E-11	 	21975.907	35.2234	 
605.0	1.0	0.0	7.64913	7.25415	-8.25861	18.01508	23.25769	1.23032	0.81279	155.25189	145.78825	58.69573	0.32251	 	2.87366E11	 	1.49149E-11	 	21796.423	35.8968	 
600.0	1.0	0.0	7.65134	7.25205	-8.28509	17.99917	23.1902	1.22688	0.81508	155.68601	146.02638	58.86903	0.32231	 	3.53805E11	 	1.20451E-11	 	21610.1	37.2646	 
595.0	1.0	0.0	7.65355	7.24996	-8.31152	17.98328	23.12269	1.22342	0.81738	156.11926	146.26315	59.04205	0.3221	 	4.36655E11	 	9.70383E-12	 	21425.065	37.007	 
590.0	1.0	0.0	7.65575	7.24788	-8.33791	17.9674	23.05517	1.21993	0.81972	156.55163	146.49856	59.21479	0.3219	 	5.40228E11	 	7.79823E-12	 	21241.274	36.7582	 
585.0	1.0	0.0	7.65795	7.24579	-8.36426	17.95153	22.98763	1.21643	0.82208	156.98313	146.73259	59.38726	0.32169	 	6.70037E11	 	6.25103E-12	 	21058.684	36.518	 
580.0	1.0	0.0	7.66015	7.24371	-8.39056	17.93567	22.92007	1.21291	0.82447	157.41373	146.96526	59.55944	0.32148	 	8.33147E11	 	4.99793E-12	 	20877.253	36.2862	 
575.0	1.0	0.0	7.66235	7.24164	-8.41681	17.91982	22.85249	1.20936	0.82688	157.84343	147.19655	59.73134	0.32128	 	1.03864E12	 	3.9856E-12	 	20696.942	36.0622	 
570.0	1.0	0.0	7.66454	7.23957	-8.44303	17.90399	22.78489	1.2058	0.82932	158.27221	147.42645	59.90294	0.32107	 	1.29823E12	 	3.16986E-12	 	20517.715	35.8454	 
565.0	1.0	0.0	7.66673	7.2375	-8.4692	17.88817	22.71727	1.20222	0.8318	158.70009	147.65499	60.07426	0.32087	 	1.62704E12	 	2.51426E-12	 	20339.537	35.6356	 
560.0	1.0	0.0	7.66892	7.23543	-8.49532	17.87236	22.64964	1.19861	0.8343	159.12706	147.88215	60.24528	0.32066	 	2.04468E12	 	1.98877E-12	 	20162.375	35.4324	 
555.0	1.0	0.0	7.67111	7.23337	-8.5214	17.85656	22.58199	1.19499	0.83683	159.55309	148.10792	60.416	0.32045	 	2.57667E12	 	1.56869E-12	 	19986.198	35.2354	 
550.0	1.0	0.0	7.67329	7.23131	-8.54744	17.84077	22.51431	1.19135	0.83939	159.97819	148.33231	60.58642	0.32025	 	3.25623E12	 	1.23382E-12	 	19810.977	35.0442	 
545.0	1.0	0.0	7.67547	7.22925	-8.57343	17.825	22.44662	1.18768	0.84198	160.40234	148.55531	60.75653	0.32004	 	4.12687E12	 	9.67608E-13	 	19636.684	34.8586	 
540.0	1.0	0.0	7.67765	7.2272	-8.59938	17.80924	22.37891	1.18399	0.8446	160.82554	148.77692	60.92634	0.31984	 	5.24561E12	 	7.56592E-13	 	19463.291	34.6786	 
535.0	1.0	0.0	7.67983	7.22515	-8.62529	17.79349	22.31118	1.18029	0.84725	161.24777	148.99713	61.09583	0.31963	 	6.68752E12	 	5.89812E-13	 	19290.775	34.5032	 
530.0	1.0	0.0	7.682	7.22311	-8.65115	17.77775	22.24343	1.17656	0.84994	161.66904	149.21595	61.26501	0.31942	 	8.55171E12	 	4.58385E-13	 	19119.111	34.3328	 
525.0	1.0	0.0	7.68417	7.22107	-8.67697	17.76203	22.17567	1.1728	0.85266	162.08933	149.43337	61.43388	0.31922	 	1.09694E13	 	3.5513E-13	 	18948.277	34.1668	 
520.0	1.0	0.0	7.68634	7.21903	-8.70275	17.74631	22.10788	1.16903	0.85541	162.50864	149.64939	61.60242	0.31901	 	1.4115E13	 	2.74259E-13	 	18778.252	34.005	 
515.0	1.0	0.0	7.68851	7.21699	-8.72848	17.73061	22.04008	1.16523	0.8582	162.92696	149.86401	61.77064	0.31881	 	1.82211E13	 	2.11116E-13	 	18609.014	33.8476	 
510.0	1.0	0.0	7.69068	7.21496	-8.75417	17.71492	21.97225	1.16142	0.86102	163.34428	150.07723	61.93854	0.3186	 	2.35987E13	 	1.61973E-13	 	18440.546	33.6936	 
505.0	1.0	0.0	7.69284	7.21293	-8.77981	17.69925	21.90441	1.15758	0.86387	163.76059	150.28904	62.1061	0.31839	 	3.06654E13	 	1.23851E-13	 	18272.828	33.5436	 
500.0	1.0	0.0	7.695	7.21091	-8.80541	17.68358	21.83655	1.15371	0.86677	164.17589	150.49944	62.27334	0.31819	 	3.9984E13	 	9.43766E-14	 	18105.843	33.397	 
495.0	1.0	0.0	7.69715	7.20889	-8.83097	17.66793	21.76866	1.14983	0.8697	164.59017	150.70843	62.44023	0.31798	 	5.23152E13	 	7.16646E-14	 	17939.574	33.2538	 
490.0	1.0	0.0	7.69931	7.20687	-8.85649	17.65229	21.70076	1.14592	0.87266	165.00342	150.916	62.60679	0.31778	 	6.86917E13	 	5.42241E-14	 	17774.006	33.1136	 
485.0	1.0	0.0	7.70146	7.20486	-8.88196	17.63666	21.63284	1.14198	0.87567	165.41563	151.12216	62.77301	0.31757	 	9.052E13	 	4.08787E-14	 	17609.124	32.9764	 
480.0	1.0	0.0	7.70361	7.20285	-8.90739	17.62104	21.5649	1.13802	0.87872	165.8268	151.32691	62.93889	0.31736	 	1.19724E14	 	3.07035E-14	 	17444.913	32.8422	 
475.0	1.0	0.0	7.70576	7.20084	-8.93277	17.60544	21.49694	1.13404	0.8818	166.23692	151.53024	63.10442	0.31716	 	1.58944E14	 	2.29737E-14	 	17281.36	32.7106	 
470.0	1.0	0.0	7.7079	7.19884	-8.95812	17.58985	21.42896	1.13004	0.88493	166.64598	151.73214	63.26959	0.31695	 	2.1182E14	 	1.71236E-14	 	17118.452	32.5816	 
465.0	1.0	0.0	7.71005	7.19684	-8.98342	17.57427	21.36096	1.12601	0.88809	167.05398	151.93263	63.43442	0.31675	 	2.8339E14	 	1.2713E-14	 	16956.176	32.4552	 
460.0	1.0	0.0	7.71219	7.19484	-9.00867	17.5587	21.29295	1.12195	0.8913	167.4609	152.13169	63.59889	0.31654	 	3.80653E14	 	9.40047E-15	 	16794.521	32.331	 
455.0	1.0	0.0	7.71432	7.19285	-9.03389	17.54315	21.22491	1.11787	0.89456	167.86675	152.32933	63.763	0.31633	 	5.1337999999999994E14	 	6.92259E-15	 	16633.476	32.209	 
450.0	1.0	0.0	7.71646	7.19085	-9.05906	17.5276	21.15685	1.11377	0.89785	168.27151	152.52554	63.92675	0.31613	 	6.95262E14	 	5.07652E-15	 	16473.029	32.0894	 
445.0	1.0	0.0	7.71859	7.18887	-9.08418	17.51207	21.08878	1.10964	0.90119	168.67517	152.72032	64.09014	0.31592	 	9.45575E14	 	3.70686E-15	 	16313.17	31.9718	 
440.0	1.0	0.0	7.72072	7.18688	-9.10927	17.49655	21.02068	1.10548	0.90458	169.07774	152.91367	64.25315	0.31572	 	1.29158E15	 	2.69493E-15	 	16153.889	31.8562	 
435.0	1.0	0.0	7.72285	7.1849	-9.13431	17.48104	20.95256	1.1013	0.90802	169.4792	153.1056	64.4158	0.31551	 	1.77198E15	 	1.95053E-15	 	15995.178	31.7422	 
430.0	1.0	0.0	7.72498	7.18293	-9.15931	17.46555	20.88443	1.09709	0.9115	169.87954	153.29609	64.57808	0.3153	 	2.44206E15	 	1.40533E-15	 	15837.026	31.6304	 
425.0	1.0	0.0	7.7271	7.18095	-9.18427	17.45006	20.81627	1.09286	0.91503	170.27877	153.48514	64.73998	0.3151	 	3.38105E15	 	1.00782E-15	 	15679.426	31.52	 
420.0	1.0	0.0	7.72922	7.17898	-9.20918	17.43459	20.74809	1.0886	0.91861	170.67687	153.67276	64.90151	0.31489	 	4.70316E15	 	7.19324E-16	 	15522.369	31.4114	 
415.0	1.0	0.0	7.73134	7.17702	-9.23405	17.41913	20.67989	1.08431	0.92225	171.07383	153.85895	65.06265	0.31469	 	6.57375E15	 	5.10925E-16	 	15365.848	31.3042	 
410.0	1.0	0.0	7.73345	7.17505	-9.25888	17.40369	20.61167	1.07999	0.92593	171.46965	154.04369	65.22341	0.31448	 	9.23355E15	 	3.61106E-16	 	15209.853	31.199	 
405.0	1.0	0.0	7.73557	7.17309	-9.28367	17.38825	20.54343	1.07565	0.92967	171.86433	154.227	65.38378	0.31427	 	1.30348E16	 	2.53927E-16	 	15054.379	31.0948	 
400.0	1.0	0.0	7.73768	7.17114	-9.30841	17.37283	20.47517	1.07128	0.93346	172.25785	154.40887	65.54377	0.31407	 	1.84955E16	 	1.77637E-16	 	14899.418	30.9922	 
395.0	1.0	0.0	7.73978	7.16918	-9.33312	17.35742	20.40689	1.06688	0.93731	172.65022	154.5893	65.70336	0.31386	 	2.63818E16	 	1.23611E-16	 	14744.964	30.8908	 
390.0	1.0	0.0	7.74189	7.16723	-9.35778	17.34202	20.33858	1.06245	0.94122	173.04142	154.76829	65.86256	0.31366	 	3.78333E16	 	8.55509E-17	 	14591.01	30.7908	 
385.0	1.0	0.0	7.74399	7.16529	-9.38239	17.32664	20.27025	1.05799	0.94518	173.43144	154.94583	66.02136	0.31345	 	5.45537E16	 	5.88827E-17	 	14437.549	30.6922	 
380.0	1.0	0.0	7.74609	7.16334	-9.40697	17.31126	20.2019	1.05351	0.94921	173.82029	155.12194	66.17977	0.31324	 	7.91063E16	 	4.02985E-17	 	14284.577	30.5944	 
375.0	1.0	0.0	7.74819	7.1614	-9.4315	17.2959	20.13353	1.04899	0.95329	174.20795	155.2966	66.33777	0.31304	 	1.15369E17	 	2.74203E-17	 	14132.086	30.4982	 
370.0	1.0	0.0	7.75029	7.15947	-9.45599	17.28055	20.06513	1.04445	0.95744	174.59443	155.46982	66.49537	0.31283	 	1.69247E17	 	1.85472E-17	 	13980.072	30.4028	 
365.0	1.0	0.0	7.75238	7.15753	-9.48044	17.26521	19.99671	1.03988	0.96165	174.97971	155.64159	66.65257	0.31263	 	2.49783E17	 	1.24695E-17	 	13828.529	30.3086	 
360.0	1.0	0.0	7.75447	7.15561	-9.50485	17.24988	19.92827	1.03527	0.96593	175.36378	155.81192	66.80935	0.31242	 	3.70916E17	 	8.3314E-18	 	13677.453	30.2152	 
355.0	1.0	0.0	7.75656	7.15368	-9.52921	17.23457	19.8598	1.03064	0.97027	175.74665	155.98081	66.96573	0.31221	 	5.54275E17	 	5.53127E-18	 	13526.837	30.1232	 
350.0	1.0	0.0	7.75865	7.15176	-9.55354	17.21927	19.79131	1.02597	0.97468	176.12831	156.14825	67.12169	0.31201	 	8.33636E17	 	3.6484E-18	 	13376.678	30.0318	 
345.0	1.0	0.0	7.76073	7.14984	-9.57782	17.20398	19.72279	1.02128	0.97917	176.50875	156.31425	67.27724	0.3118	 	1.26211E18	 	2.39047E-18	 	13226.971	29.9414	 
340.0	1.0	0.0	7.76281	7.14792	-9.60206	17.1887	19.65425	1.01655	0.98372	176.88796	156.4788	67.43237	0.3116	 	1.9238E18	 	1.55559E-18	 	13077.712	29.8518	 
335.0	1.0	0.0	7.76489	7.14601	-9.62626	17.17344	19.58569	1.01179	0.98835	177.26595	156.64191	67.58708	0.31139	 	2.95279E18	 	1.00523E-18	 	12928.895	29.7634	 
330.0	1.0	0.0	7.76696	7.1441	-9.65041	17.15818	19.51709	1.007	0.99305	177.6427	156.80357	67.74136	0.31118	 	4.5645E18	 	6.44939E-19	 	12780.518	29.6754	 
325.0	1.0	0.0	7.76904	7.14219	-9.67453	17.14294	19.44847	1.00217	0.99783	178.01822	156.9638	67.89523	0.31098	 	7.10752E18	 	4.10751E-19	 	12632.576	29.5884	 
320.0	1.0	0.0	7.77111	7.14029	-9.6986	17.12771	19.37983	0.99731	1.00269	178.39249	157.12257	68.04866	0.31077	 	1.11503E19	 	2.59635E-19	 	12485.066	29.502	 
315.0	1.0	0.0	7.77318	7.13838	-9.72263	17.1125	19.31116	0.99242	1.00763	178.76551	157.27991	68.20167	0.31057	 	1.76272E19	 	1.62851E-19	 	12337.983	29.4166	 
310.0	1.0	0.0	7.77524	7.13649	-9.74662	17.09729	19.24246	0.9875	1.01266	179.13729	157.43581	68.35426	0.31036	 	2.80862E19	 	1.01338E-19	 	12191.324	29.3318	 
305.0	1.0	0.0	7.77731	7.13459	-9.77057	17.0821	19.17373	0.98254	1.01777	179.5078	157.59026	68.5064	0.31015	 	4.51132E19	 	6.25494E-20	 	12045.087	29.2474	 
300.0	1.0	0.0	7.77937	7.1327	-9.79447	17.06692	19.10497	0.97755	1.02296	179.87706	157.74328	68.65812	0.30995	 	7.30646E19	 	3.82867E-20	 	11899.267	29.164	 
295.0	1.0	0.0	7.78143	7.13082	-9.81834	17.05175	19.03619	0.97253	1.02825	180.24506	157.89486	68.8094	0.30974	 	1.1934299999999998E20	 	2.32355E-20	 	11753.862	29.081	 
290.0	1.0	0.0	7.78348	7.12893	-9.84216	17.03659	18.96737	0.96746	1.03363	180.61178	158.045	68.96025	0.30954	 	1.9664E20	 	1.39778E-20	 	11608.869	28.9986	 
285.0	1.0	0.0	7.78554	7.12705	-9.86595	17.02145	18.89853	0.96237	1.0391	180.97724	158.19371	69.11065	0.30933	 	3.26916E20	 	8.33301E-21	 	11464.284	28.917	 
280.0	1.0	0.0	7.78759	7.12518	-9.88969	17.00632	18.82965	0.95723	1.04468	181.34142	158.34098	69.26062	0.30912	 	5.4851799999999993E20	 	4.92197E-21	 	11320.106	28.8356	 
275.0	1.0	0.0	7.78964	7.1233	-9.91339	16.9912	18.76075	0.95207	1.05035	181.70432	158.48683	69.41015	0.30892	 	9.29069E20	 	2.87964E-21	 	11176.331	28.755	 
270.0	1.0	0.0	7.79168	7.12143	-9.93705	16.97609	18.69181	0.94686	1.05612	182.06594	158.63124	69.55923	0.30871	 	1.5889800000000001E21	 	1.66835E-21	 	11032.957	28.6748	 
265.0	1.0	0.0	7.79373	7.11956	-9.96067	16.96099	18.62285	0.94162	1.062	182.42628	158.77423	69.70787	0.30851	 	2.74488E21	 	9.569E-22	 	10889.981	28.5952	 
260.0	1.0	0.0	7.79577	7.1177	-9.98424	16.94591	18.55385	0.93634	1.06799	182.78534	158.9158	69.85607	0.3083	 	4.79051E21	 	5.43193E-22	 	10747.403	28.5156	 
255.0	1.0	0.0	7.79781	7.11584	-10.00778	16.93083	18.48481	0.93102	1.07409	183.14311	159.05594	70.00382	0.30809	 	8.44929E21	 	3.05087E-22	 	10605.218	28.437	 
250.0	1.0	0.0	7.79984	7.11398	-10.03127	16.91578	18.41575	0.92567	1.0803	183.49959	159.19467	70.15113	0.30789	 	1.50651E22	 	1.69489E-22	 	10463.425	28.3586	 
245.0	1.0	0.0	7.80188	7.11213	-10.05473	16.90073	18.34665	0.92027	1.08663	183.85478	159.33199	70.29799	0.30768	 	2.71625E22	 	9.3105E-23	 	10322.023	28.2804	 
240.0	1.0	0.0	7.80391	7.11027	-10.07814	16.88569	18.27751	0.91484	1.09309	184.20869	159.46789	70.4444	0.30748	 	4.95402E22	 	5.05561E-23	 	10181.01	28.2026	 
235.0	1.0	0.0	7.80594	7.10843	-10.10151	16.87067	18.20834	0.90937	1.09967	184.56129	159.60239	70.59037	0.30727	 	9.14288E22	 	2.71266E-23	 	10040.384	28.1252	 
230.0	1.0	0.0	7.80796	7.10658	-10.12484	16.85566	18.13913	0.90385	1.10637	184.91261	159.73548	70.73588	0.30706	 	1.70804E23	 	1.43776E-23	 	9900.143	28.0482	 
225.0	1.0	0.0	7.80999	7.10474	-10.14814	16.84066	18.06989	0.8983	1.11321	185.26264	159.86718	70.88095	0.30686	 	3.2311899999999994E23	 	7.52461E-24	 	9760.286	27.9714	 
220.0	1.0	0.0	7.81201	7.1029	-10.17139	16.82567	18.00061	0.89271	1.12019	185.61137	159.99749	71.02557	0.30665	 	6.19217E23	 	3.88708E-24	 	9620.812	27.8948	 
215.0	1.0	0.0	7.81403	7.10107	-10.1946	16.8107	17.93129	0.88707	1.1273	185.95882	160.1264	71.16974	0.30645	 	1.20257E24	 	1.98121E-24	 	9481.719	27.8186	 
210.0	1.0	0.0	7.81605	7.09923	-10.21776	16.79573	17.86194	0.8814	1.13456	186.30497	160.25394	71.31346	0.30624	 	2.3678E24	 	9.9592E-25	 	9343.008	27.7422	 
205.0	1.0	0.0	7.81806	7.0974	-10.24089	16.78078	17.79254	0.87568	1.14197	186.64984	160.3801	71.45674	0.30603	 	4.7286000000000003E24	 	4.93535E-25	 	9204.675	27.6666	 
200.0	1.0	0.0	7.82007	7.09558	-10.26398	16.76584	17.72311	0.86991	1.14954	186.99343	160.50488	71.59957	0.30583	 	9.58232E24	 	2.40999E-25	 	9066.722	27.5906	 
195.0	1.0	0.0	7.82208	7.09376	-10.28703	16.75092	17.65363	0.86411	1.15726	187.33573	160.62831	71.74195	0.30562	 	1.97134E25	 	1.15907E-25	 	8929.148	27.5148	 
190.0	1.0	0.0	7.82409	7.09194	-10.31004	16.736	17.58411	0.85826	1.16515	187.67675	160.75038	71.88389	0.30542	 	4.11924E25	 	5.48771E-26	 	8791.951	27.4394	 
185.0	1.0	0.0	7.82609	7.09012	-10.333	16.7211	17.51455	0.85237	1.1732	188.0165	160.8711	72.02538	0.30521	 	8.74699E25	 	2.55644E-26	 	8655.132	27.3638	 
180.0	1.0	0.0	7.82809	7.08831	-10.35593	16.70621	17.44494	0.84643	1.18143	188.35497	160.99049	72.16643	0.305	 	1.88851E26	 	1.17114E-26	 	8518.69	27.2884	 
175.0	1.0	0.0	7.83009	7.0865	-10.37882	16.69133	17.37529	0.84044	1.18985	188.69219	161.10854	72.30705	0.3048	 	4.1479800000000004E26	 	5.27319E-27	 	8382.625	27.213	 
170.0	1.0	0.0	7.83209	7.08469	-10.40166	16.67646	17.30559	0.83441	1.19844	189.02814	161.22527	72.44722	0.30459	 	9.273990000000001E26	 	2.33223E-27	 	8246.938	27.1374	 
165.0	1.0	0.0	7.83408	7.08289	-10.42447	16.66161	17.23585	0.82834	1.20724	189.36284	161.34068	72.58696	0.30439	 	2.1118999999999998E27	 	1.0126E-27	 	8111.63	27.0616	 
160.0	1.0	0.0	7.83607	7.08109	-10.44724	16.64677	17.16606	0.82222	1.21623	189.6963	161.4548	72.72626	0.30418	 	4.90151E27	 	4.31316E-28	 	7976.699	26.9862	 
155.0	1.0	0.0	7.83806	7.07929	-10.46996	16.63194	17.09622	0.81604	1.22542	190.02852	161.56763	72.86514	0.30397	 	1.16019E28	 	1.80117E-28	 	7842.148	26.9102	 
150.0	1.0	0.0	7.84005	7.0775	-10.49265	16.61712	17.02633	0.80982	1.23483	190.35951	161.67917	73.00358	0.30377	 	2.8026500000000003E28	 	7.36906E-29	 	7707.976	26.8344	 
145.0	1.0	0.0	7.84203	7.07571	-10.51529	16.60231	16.95639	0.80356	1.24447	190.68929	161.78946	73.14161	0.30356	 	6.91466E28	 	2.95153E-29	 	7574.186	26.758	 
140.0	1.0	0.0	7.84402	7.07392	-10.5379	16.58752	16.88639	0.79724	1.25433	191.01786	161.89849	73.27922	0.30336	 	1.74368E29	 	1.15645E-29	 	7440.777	26.6818	 
135.0	1.0	0.0	7.84599	7.07214	-10.56047	16.57274	16.81634	0.79087	1.26443	191.34524	162.00628	73.41641	0.30315	 	4.49783E29	 	4.42897E-30	 	7307.753	26.6048	 
130.0	1.0	0.0	7.84797	7.07035	-10.58299	16.55797	16.74624	0.78445	1.27477	191.67144	162.11285	73.55319	0.30294	 	1.18782E30	 	1.65655E-30	 	7175.114	26.5278	 
125.0	1.0	0.0	7.84995	7.06858	-10.60548	16.54321	16.67608	0.77798	1.28537	191.99647	162.21822	73.68957	0.30274	 	3.21431E30	 	6.04569E-31	 	7042.863	26.4502	 
120.0	1.0	0.0	7.85192	7.0668	-10.62793	16.52847	16.60586	0.77146	1.29624	192.32035	162.32239	73.82555	0.30253	 	8.92119E30	 	2.15091E-31	 	6911.002	26.3722	 
115.0	1.0	0.0	7.85389	7.06503	-10.65034	16.51373	16.53558	0.76489	1.30738	192.64311	162.4254	73.96114	0.30233	 	2.54203E31	 	7.45258E-32	 	6779.533	26.2938	 
110.0	1.0	0.0	7.85585	7.06326	-10.6727	16.49901	16.46524	0.75826	1.31881	192.96475	162.52725	74.09634	0.30212	 	7.444E31	 	2.51217E-32	 	6648.458	26.215	 
105.0	1.0	0.0	7.85782	7.0615	-10.69503	16.4843	16.39483	0.75158	1.33053	193.28529	162.62797	74.23117	0.30191	 	2.24271E32	 	8.2296E-33	 	6517.783	26.135	 
100.0	1.0	0.0	7.85978	7.05973	-10.71732	16.46961	16.32436	0.74484	1.34256	193.60477	162.72759	74.36563	0.30171	 	6.95944E32	 	2.61695E-33	 	6387.508	26.055	 
95.0	1.0	0.0	7.86174	7.05797	-10.73957	16.45492	16.25382	0.73805	1.35492	193.9232	162.82612	74.49972	0.3015	 	2.22708E33	 	8.0682E-34	 	6257.639	25.9738	 
90.0	1.0	0.0	7.86369	7.05622	-10.76178	16.44025	16.18322	0.7312	1.36761	194.2406	162.92359	74.63347	0.3013	 	7.35879E33	 	2.40861E-34	 	6128.18	25.8918	 
85.0	1.0	0.0	7.86565	7.05446	-10.78395	16.42559	16.11254	0.7243	1.38064	194.55702	163.02003	74.76688	0.30109	 	2.5140300000000003E34	 	6.95313E-35	 	5999.134	25.8092	 
80.0	1.0	0.0	7.8676	7.05271	-10.80608	16.41094	16.04178	0.71734	1.39404	194.87247	163.11546	74.89996	0.30088	 	8.89292E34	 	1.93821E-35	 	5870.507	25.7254	 
75.0	1.0	0.0	7.86955	7.05097	-10.82818	16.3963	15.97095	0.71032	1.40782	195.187	163.20992	75.03273	0.30068	 	3.2619499999999996E35	 	5.20925E-36	 	5742.305	25.6404	 
70.0	1.0	0.0	7.8715	7.04922	-10.85023	16.38168	15.90005	0.70324	1.42199	195.50062	163.30344	75.1652	0.30047	 	1.2426799999999999E36	 	1.34776E-36	 	5614.532	25.5546	 
65.0	1.0	0.0	7.87344	7.04748	-10.87224	16.36707	15.82906	0.6961	1.43657	195.81339	163.39605	75.29737	0.30027	 	4.9251499999999996E36	 	3.35102E-37	 	5487.195	25.4674	 
60.0	1.0	0.0	7.87538	7.04575	-10.89422	16.35247	15.75798	0.6889	1.45159	196.12535	163.48779	75.42928	0.30006	 	2.0343799999999999E37	 	7.99273E-38	 	5360.302	25.3786	 
55.0	1.0	0.0	7.87732	7.04401	-10.91615	16.33788	15.68682	0.68164	1.46705	196.43653	163.5787	75.56092	0.29986	 	8.774359999999999E37	 	1.82534E-38	 	5233.859	25.2886	 
50.0	1.0	0.0	7.87926	7.04228	-10.93805	16.3233	15.61557	0.67432	1.48298	196.74698	163.66882	75.69234	0.29965	 	3.9595199999999995E38	 	3.98335E-39	 	5107.875	25.1968	 
45.0	1.0	0.0	7.88119	7.04055	-10.95991	16.30874	15.54423	0.66693	1.49941	197.05677	163.7582	75.82353	0.29944	 	1.87344E39	 	8.28854E-40	 	4982.358	25.1034	 
40.0	1.0	0.0	7.88312	7.03883	-10.98173	16.29418	15.47278	0.65948	1.51635	197.36593	163.84687	75.95453	0.29924	 	9.315220000000001E39	 	1.64076E-40	 	4857.317	25.0082	 
35.0	1.0	0.0	7.88505	7.0371	-11.00351	16.27965	15.40124	0.65196	1.53383	197.67453	163.93491	76.08535	0.29903	 	4.87922E40	 	3.08247E-41	 	4732.763	24.9108	 
30.0	1.0	0.0	7.88698	7.03538	-11.02525	16.26511	15.32959	0.64438	1.55187	197.98264	164.02235	76.21603	0.29883	 	2.69917E41	 	5.48169E-42	 	4608.706	24.8114	 
25.0	1.0	0.0	7.8889	7.03367	-11.04695	 	15.25784	0.63674	1.57051	198.29033	164.10927	76.34658	0.29862	 	1.58134E42	 	9.20228E-43	 	4485.159	 	 
