T (C)	Fraction solid (wt)-TOTAL	Fraction liquid (wt)-LIQUID	Density (g/(cm)^3)-TOTAL	Molar volume (cm^3)-TOTAL	Volume change (%)-  	Average expansion coeff. (10e-6 1/K)-  	Thermal conductivity (W/(m*K))-TOTAL	Electrical resistivity (10e-6 Ohm*m)-TOTAL	Electrical conductivity (10e6 1/(Ohm*m))-TOTAL	Young's modulus (GPa)-TOTAL	Bulk modulus (GPa)-TOTAL	Shear modulus(GPa)-TOTAL	Poisson's ratio-TOTAL	Liquid viscosity (mPa s)-  	Total viscosity (mPa s)-  	Liquid diffusivity (10e-9 (m^2)/s)-  	Total diffusivity (10e-9 (m^2)/s)-  	Surface Tension (mN/m)-  	Enthalpy (J/mole)-TOTAL	Specific heat (J/(mole K))-TOTAL	Latent heat (J/mole)-TOTAL
1500.0	0.0	1.0	7.01438	7.89529	0.0	27.456	30.76448	1.87808	0.53246	0.0	107.53181	0.0	0.49974	6.84343	6.84343	1.26462	1.26462	1767.23151	64700.57	 	0.0
1495.0	0.0	1.0	7.01828	7.89091	-0.0555455	27.40813	30.68896	1.87739	0.53265	0.0	107.71747	0.0	0.49974	6.9039	6.9039	1.25	1.25	1769.02988	64480.221	44.0698	0.0
1490.0	0.0	1.0	7.02217	7.88653	-0.11094	27.36033	30.61344	1.8767	0.53285	0.0	107.90312	0.0	0.49974	6.96526	6.96526	1.23549	1.23549	1770.82536	64260.358	43.9726	0.0
1485.0	0.0	1.0	7.02605	7.88217	-0.16617	27.3126	30.53792	1.87601	0.53305	0.0	108.08878	0.0	0.49974	7.02751	7.02751	1.22107	1.22107	1772.61792	64040.977	43.8762	0.0
1480.0	0.0	1.0	7.02993	7.87782	-0.22126	27.26493	30.4624	1.87531	0.53325	0.0	108.27444	0.0	0.49974	7.09068	7.09068	1.20675	1.20675	1774.40755	63822.076	43.7802	0.0
1475.0	0.0	1.0	7.0338	7.87348	-0.27619	27.21733	30.38688	1.87461	0.53345	0.0	108.46009	0.0	0.49974	7.15478	7.15478	1.19253	1.19253	1776.1942	63603.65	43.6852	0.0
1470.0	0.0	1.0	7.03767	7.86916	-0.33096	27.1698	30.31137	1.8739	0.53365	0.0	108.64575	0.0	0.49974	7.21984	7.21984	1.1784	1.1784	1777.97784	63385.698	43.5904	0.0
1465.0	0.0	1.0	7.04153	7.86485	-0.38558	27.12235	30.23585	1.87319	0.53385	0.0	108.83141	0.0	0.49974	7.28586	7.28586	1.16438	1.16438	1779.75843	63168.215	43.4966	0.0
1460.0	0.0	1.0	7.04538	7.86055	-0.44005	27.07496	30.16033	1.87248	0.53405	0.0	109.01706	0.0	0.49974	7.35288	7.35288	1.15044	1.15044	1781.53595	62951.199	43.4032	0.0
1455.0	0.0	1.0	7.04923	7.85626	-0.49436	27.02764	30.08481	1.87177	0.53425	0.0	109.20272	0.0	0.49974	7.4209	7.4209	1.13661	1.13661	1783.31036	62734.647	43.3104	0.0
1450.0	0.0	1.0	7.05307	7.85198	-0.54852	26.9804	30.00929	1.87105	0.53446	0.0	109.38838	0.0	0.49974	7.48996	7.48996	1.12287	1.12287	1785.08161	62518.589	43.2116	0.0
1445.0	0.0	1.0	7.0569	7.84772	-0.60252	26.93323	29.93377	1.87033	0.53467	0.0	109.57403	0.0	0.49974	7.56006	7.56006	1.10923	1.10923	1786.84968	62303.074	43.103	0.0
1440.0	0.0	1.0	7.06072	7.84347	-0.65637	26.88613	29.85825	1.8696	0.53487	0.0	109.75969	0.0	0.49974	7.63124	7.63124	1.09569	1.09569	1788.61454	62088.094	42.996	0.0
1435.0	0.0	1.0	7.06454	7.83923	-0.71007	26.83911	29.78273	1.86887	0.53508	0.0	109.94535	0.0	0.49974	7.70351	7.70351	1.08224	1.08224	1790.37613	61873.645	42.8898	0.0
1430.0	0.0	1.0	7.06835	7.835	-0.76361	26.79216	29.70721	1.86814	0.53529	0.0	110.131	0.0	0.49974	7.7769	7.7769	1.06889	1.06889	1792.13443	61659.724	42.7842	0.0
1425.0	0.0	1.0	7.07216	7.83079	-0.817	26.74529	29.63169	1.8674	0.5355	0.0	110.31666	0.0	0.49974	7.85142	7.85142	1.05564	1.05564	1793.88939	61446.327	42.6794	0.0
1420.0	0.0	1.0	7.07595	7.82658	-0.87024	26.69849	29.55618	1.86666	0.53572	0.0	110.50232	0.0	0.49974	7.9271	7.9271	1.04248	1.04248	1795.64098	61233.451	42.5752	0.0
1417.42	0.0	1.0	7.07791	7.82442	-0.89766	26.67436	29.51719	1.86627	0.53583	0.0	110.59817	0.0	0.49974	7.96664	7.96664	1.03573	1.03573	1796.54396	61123.74	42.5003	0.0090
1415.0	0.0631002	0.9369	7.08986	7.81126	-1.06429	26.27263	29.80347	1.8457	0.5418	9.84148E-4	108.56229	3.30149E-4	0.49046	7.98676	8.74458	1.03164	0.94223	1796.14698	60476.299	267.695	544.79
1410.0	0.17715	0.82285	7.112	7.7869	-1.37283	25.5347	30.3274	1.80845	0.55296	0.0622798	104.93255	0.0211323	0.47357	8.02843	14.60135	1.02324	0.56262	1795.38376	59282.612	238.737	1526.632
1408.76	0.20163	0.79837	7.11684	7.78159	-1.44012	25.37583	30.44016	1.80042	0.55543	0.10494	104.16581	0.0356949	0.46993	8.03889	18.07364	1.02116	0.4542	1795.20533	59019.848	 	1736.821
1405.0	0.31907	0.68093	7.1371	7.75954	-1.71939	24.6884	30.76893	1.7772	0.56268	0.3726	102.1516	0.12819	0.45328	8.07631	80.30049	1.01415	0.102	1793.34851	57642.478	328.027	2955.429
1400.0	0.44001	0.55999	7.15858	7.73631	-2.01364	23.97819	31.10415	1.75281	0.57051	1.24941	100.29683	0.43504	0.43598	8.12619	308.40811	1.00493	0.0264786	1791.08537	56181.115	292.273	4205.963
1395.0	0.53092	0.46908	7.17539	7.71822	-2.24278	23.44043	31.34907	1.73392	0.57673	2.9416	99.05875	1.03371	0.42284	8.1765	710.69007	0.99576	0.0114562	1789.01794	55035.598	229.103	5141.153
1390.0	0.60098	0.39902	7.18899	7.70361	-2.42776	23.01968	31.52792	1.71891	0.58176	5.50633	98.2303	1.94899	0.41261	8.22693	1259.73838	0.98669	0.00644374	1787.12682	54109.545	185.211	5857.377
1385.0	0.6561	0.3439	7.20023	7.69171	-2.57853	22.6899	31.65806	1.7067	0.58593	8.82878	97.6893	3.14305	0.40449	8.27831	1921.30064	0.97762	0.00421226	1785.38497	53340.682	153.773	6416.908
1380.0	0.70023	0.29977	7.20978	7.68158	-2.70683	22.41965	31.7487	1.6967	0.58938	12.69911	97.35163	4.54212	0.39793	8.32991	2666.95115	0.96863	0.00302541	1783.78378	52687.167	130.703	6861.584
1375.0	0.73611	0.26389	7.21804	7.67283	-2.81758	22.196	31.81145	1.68823	0.59234	16.88503	97.16399	6.06271	0.39253	8.38214	3476.9576	0.95968	0.00231358	1782.30624	52120.167	113.4	7220.235
1370.0	0.76566	0.23434	7.22529	7.66523	-2.91393	22.01074	31.85359	1.68088	0.59493	21.18029	97.08945	7.62955	0.38804	8.43536	4338.51305	0.95074	0.00184852	1780.93472	51619.317	100.17	7513.223
1365.0	0.79029	0.20971	7.23177	7.65843	-3.00007	21.85254	31.87828	1.67447	0.59721	25.42898	97.10046	9.18508	0.38426	8.48926	5244.4756	0.94183	0.00152454	1779.66353	51169.911	89.8812	7755.252
1360.0	0.81116	0.18884	7.23768	7.65226	-3.07817	21.71569	31.88947	1.66877	0.59924	29.54835	97.1772	10.6981	0.38101	8.54381	6195.5869	0.93296	0.00128656	1778.47995	50759.895	82.0032	7958.37
1355.0	0.82905	0.17095	7.24313	7.64657	-3.15022	21.59481	31.88978	1.66365	0.60109	33.48661	97.3049	12.14875	0.37819	8.59905	7193.30099	0.92412	0.00110472	1777.3774	50381.172	75.7446	8130.674
1350.0	0.84451	0.15549	7.24823	7.64127	-3.2174	21.48678	31.88122	1.65898	0.60278	37.21367	97.47318	13.52515	0.37572	8.65501	8240.13538	0.91533	9.61415E-4	1776.34835	50027.819	70.6706	8278.084
1345.0	0.85799	0.14201	7.25302	7.63632	-3.28012	21.39054	31.86532	1.6547	0.60434	40.7147	97.67503	14.82109	0.37354	8.71205	9339.23509	0.90654	8.45657E-4	1775.3819	49695.283	66.5072	8405.148
1340.0	0.86982	0.13018	7.25757	7.63163	-3.33946	21.30318	31.84341	1.65072	0.6058	43.99813	97.90322	16.03907	0.37159	8.77017	10495.95819	0.89775	7.50135E-4	1774.47388	49380.018	63.053	8515.41
1335.0	0.88029	0.11971	7.26192	7.62714	-3.3963	21.22227	31.81624	1.64701	0.60716	47.06695	98.1536	17.17966	0.36984	8.82858	11714.47065	0.88904	6.70024E-4	1773.62353	49079.228	60.158	8611.664
1334.8	0.88067	0.11933	7.26209	7.62697	-3.39846	21.21932	31.81505	1.64687	0.60721	47.18172	98.16398	17.22236	0.36978	8.83099	11763.54355	0.88869	6.67147E-4	1773.58965	49067.698	 	8615.108
1330.0	0.89209	0.10791	7.26729	7.62163	-3.46612	21.10357	31.79656	1.6429	0.60868	50.70463	98.38191	18.53394	0.36789	8.89922	13142.29587	0.87924	5.95374E-4	1773.82133	48759.824	63.8808	8726.995
1325.0	0.9024	0.0976009	7.27234	7.61648	-3.5314	20.99702	31.77103	1.63909	0.61009	54.05287	98.63481	19.78304	0.36614	8.97095	14640.77796	0.86949	5.3277E-4	1774.07713	48456.836	60.5976	8826.37
1320.0	0.9114	0.0886012	7.27706	7.61166	-3.59236	20.90212	31.74019	1.63555	0.61141	57.10887	98.90899	20.92526	0.36459	9.04344	16210.90517	0.85982	4.79663E-4	1774.34652	48168.628	57.6416	8911.424
1315.0	0.9193	0.0807004	7.28153	7.60712	-3.6499	20.81639	31.70492	1.63223	0.61266	59.91094	99.20031	21.97435	0.3632	9.11669	17862.34059	0.85024	4.3395E-4	1774.62987	47892.646	55.1964	8984.708
1310.0	0.92629	0.0737133	7.28577	7.60283	-3.70428	20.73919	31.66601	1.6291	0.61384	62.49003	99.50598	22.94144	0.36195	9.19102	19604.51249	0.84071	3.94142E-4	1774.91975	47626.89	53.1512	9048.216
1305.0	0.9325	0.0674982	7.28984	7.59872	-3.75631	20.66825	31.62393	1.62611	0.61496	64.87432	99.82326	23.83675	0.3608	9.2662	21447.44572	0.83125	3.59136E-4	1775.22132	47369.772	51.4236	9103.538
1300.0	0.93806	0.0619379	7.29376	7.59478	-3.80616	20.60314	31.57923	1.62325	0.61605	67.08814	100.15028	24.66913	0.35976	9.34266	23401.74121	0.82184	3.28102E-4	1775.5292	47120.016	49.9512	9151.945
1295.0	0.94306	0.0569394	7.29755	7.59099	-3.85418	20.5429	31.53225	1.6205	0.61709	69.15147	100.4856	25.44584	0.3588	9.41996	25478.50055	0.8125	3.004E-4	1775.84263	46876.588	48.6856	9194.467
1290.0	0.94757	0.052426	7.30123	7.5873	-3.90089	20.48606	31.48325	1.61785	0.6181	71.08344	100.82754	26.17392	0.35791	9.4982	27689.38009	0.80324	2.75533E-4	1776.16843	46638.642	47.5892	9231.951
1285.0	0.95167	0.0483342	7.30481	7.58373	-3.94611	20.43318	31.43254	1.61528	0.61909	72.89827	101.17558	26.85854	0.35708	9.57776	30047.53233	0.79402	2.53097E-4	1776.49436	46405.477	46.633	9265.093
1280.0	0.95539	0.0446089	7.30831	7.58024	-3.9903	20.38297	31.38029	1.61278	0.62005	74.61005	101.52856	27.50492	0.3563	9.65834	32566.22719	0.78487	2.32773E-4	1776.82895	46176.508	45.7938	9294.475
1275.0	0.95879	0.0412079	7.31175	7.57683	-4.03355	20.33517	31.32674	1.61033	0.62099	76.22959	101.88557	28.11702	0.35558	9.73991	35259.53267	0.77579	2.14301E-4	1777.17083	45951.248	45.052	9320.584
1270.0	0.96191	0.0380903	7.31511	7.5735	-4.07577	20.29005	31.27203	1.60794	0.62191	77.76665	102.2464	28.69843	0.35489	9.82343	38143.73615	0.76671	1.97457E-4	1777.51067	45729.281	44.3934	9343.831
1265.0	0.96477	0.0352252	7.31843	7.57021	-4.11736	20.24649	31.21623	1.60559	0.62282	79.23059	102.61035	29.25263	0.35425	9.90763	41235.68248	0.75773	1.82059E-4	1777.85995	45510.255	43.8052	9364.566
1260.0	0.96742	0.0325838	7.3217	7.56698	-4.15826	20.20466	31.15951	1.60329	0.62372	80.62861	102.97694	29.78228	0.35363	9.99337	44553.68306	0.74879	1.67953E-4	1778.21262	45293.867	43.2776	9383.09
1255.0	0.96986	0.0301426	7.32493	7.5638	-4.19852	20.16441	31.10197	1.60102	0.6246	81.96761	103.34586	30.28992	0.35305	10.08076	48117.69714	0.73988	1.55006E-4	1778.56724	45079.857	42.802	9399.661
1250.0	0.97212	0.02788	7.32812	7.56067	-4.23828	20.12539	31.04369	1.59877	0.62548	83.25311	103.71671	30.77763	0.35249	10.16946	51948.82356	0.73102	1.43105E-4	1778.92712	44868.0	42.3714	9414.499
1245.0	0.97422	0.0257774	7.33127	7.55756	-4.27756	20.0875	30.98471	1.59656	0.62635	84.49109	104.08938	31.24761	0.35196	10.25982	56071.83464	0.72221	1.32147E-4	1779.29007	44658.1	41.98	9427.802
1240.0	0.97619	0.0238142	7.3344	7.55449	-4.31644	20.05054	30.92516	1.59437	0.62721	85.68698	104.46342	31.7019	0.35145	10.35158	60512.10506	0.71345	1.22047E-4	1779.65685	44449.978	41.6244	9439.752
1235.0	0.97803	0.0219728	7.33751	7.55145	-4.35498	20.01432	30.86512	1.59219	0.62807	86.84728	104.83857	32.14295	0.35095	10.44517	65299.10878	0.70472	1.12726E-4	1780.02821	44243.493	41.297	9450.492
1230.22	0.98008	0.0199207	7.34067	7.54841	-4.39345	19.97434	30.80795	1.59009	0.6289	88.08561	105.19705	32.61387	0.35043	10.53614	70350.87642	0.69642	1.043E-4	1780.38446	44044.6	 	9462.73
1230.0	0.98028	0.0197176	7.34084	7.54824	-4.39572	19.97099	30.80561	1.58997	0.62894	88.1906	105.2149	32.65388	0.35038	10.5482	70627.66772	0.69552	1.03876E-4	1780.31434	44033.043	42.09	9465.621
1225.0	0.98428	0.0157239	7.34453	7.54429	-4.44566	19.89864	30.75128	1.58749	0.62993	90.33349	105.61541	33.47097	0.34943	10.81834	76983.45288	0.6759	9.49827E-5	1778.88279	43781.873	50.234	9521.894
1220.0	0.98732	0.0126809	7.34802	7.54055	-4.49306	19.8336	30.69496	1.58509	0.63088	92.10537	106.0127	34.14722	0.34865	11.09364	83605.4845	0.65693	8.71677E-5	1777.54126	43545.734	47.2278	9563.555
1215.0	0.98971	0.0102926	7.35138	7.53695	-4.53862	19.77383	30.63708	1.58277	0.6318	93.61804	106.40779	34.72496	0.34799	11.37526	90585.4402	0.63852	8.01817E-5	1776.26699	43320.044	45.138	9595.185
1210.0	0.99163	0.00837284	7.35465	7.53346	-4.58289	19.71759	30.57808	1.58049	0.63271	94.94372	106.801	35.23162	0.34742	11.66201	97998.00056	0.62072	7.38677E-5	1775.06722	43101.917	43.6254	9619.667
1205.0	0.9932	0.0068004	7.35785	7.53005	-4.62609	19.66426	30.51823	1.57825	0.63361	96.1299	107.19283	35.6852	0.34692	11.95526	105911.6469	0.60346	6.81179E-5	1773.9224	42889.452	42.493	9638.901
1200.0	0.99451	0.00549035	7.36099	7.5267	-4.66852	19.61297	30.45771	1.57604	0.6345	97.21026	107.58344	36.09854	0.34646	12.25431	114394.1853	0.58674	6.28535E-5	1772.83608	42681.345	41.6214	9654.187
1195.0	0.99562	0.00438465	7.36409	7.5234	-4.71027	19.56338	30.39672	1.57384	0.63539	98.2082	107.97299	36.48051	0.34604	12.55938	123510.6958	0.57054	5.80166E-5	1771.80604	42476.678	40.9334	9666.443
1190.0	0.99656	0.00343874	7.36715	7.52015	-4.75145	19.51521	30.33504	1.57167	0.63626	99.14058	108.3616	36.83755	0.34565	12.87111	133330.4077	0.55483	5.35607E-5	1770.81994	42274.783	40.379	9676.333
1187.76	0.99694	0.00305972	7.36851	7.51871	-4.76969	19.49412	30.30743	1.5707	0.63666	99.53936	108.53526	36.9903	0.34548	13.0123	137970.7894	0.54797	5.16801E-5	1770.38777	42185.202	 	9680.111
1185.0	0.99743	0.00256853	7.37025	7.51691	-4.79253	19.46693	30.27367	1.56948	0.63716	100.04412	108.74949	37.18372	0.34527	13.18243	143952.2996	0.53988	4.94391E-5	1769.38019	42074.148	40.127	9685.363
1180.0	0.99822	0.00178133	7.37337	7.51368	-4.83344	19.41881	30.21223	1.56728	0.63805	100.91582	109.13677	37.51786	0.3449	13.49309	155445.8305	0.52564	4.56266E-5	1767.66096	41874.925	39.8446	9693.388
1175.0	0.9989	0.00110311	7.37645	7.51049	-4.8738	19.37204	30.15046	1.56508	0.63894	101.74113	109.52327	37.83433	0.34456	13.80866	167867.6404	0.51186	4.2105E-5	1766.04657	41677.713	39.4424	9699.802
1170.0	0.99948	5.15219E-4	7.3795	7.50734	-4.91365	19.32653	30.08848	1.56289	0.63984	102.52884	109.90909	38.1365	0.34424	14.12901	181310.6169	0.49852	3.88486E-5	1764.52644	41482.181	39.1064	9704.935
1165.0	1.0	0.0	7.38252	7.50423	-4.95306	19.28204	30.02637	1.5607	0.64074	103.28611	110.29419	38.42708	0.34392	 	195875.8561	 	3.58352E-5	 	41288.075	38.8212	9709.037
1160.0	1.0	0.0	7.38493	7.50178	-4.98406	19.2649	29.96115	1.55866	0.64158	103.77812	110.67585	38.61596	0.34372	 	211268.7527	 	3.31088E-5	 	41090.925	39.43	 
1155.0	1.0	0.0	7.38733	7.49934	-5.015	19.24777	29.89592	1.55661	0.64242	104.27054	111.05696	38.80504	0.34352	 	227996.0897	 	3.05727E-5	 	40905.574	37.0702	 
1150.0	1.0	0.0	7.38974	7.4969	-5.0459	19.23065	29.83069	1.55455	0.64327	104.76336	111.43751	38.99433	0.34332	 	246183.9988	 	2.82148E-5	 	40720.458	37.0232	 
1145.0	1.0	0.0	7.39214	7.49447	-5.07675	19.21353	29.76546	1.55248	0.64413	105.25656	111.81748	39.18382	0.34311	 	265971.4955	 	2.6024E-5	 	40535.581	36.9754	 
1140.0	1.0	0.0	7.39454	7.49204	-5.10755	19.19643	29.70022	1.55041	0.64499	105.75013	112.19686	39.3735	0.34291	 	287511.8921	 	2.39894E-5	 	40350.953	36.9256	 
1135.0	1.0	0.0	7.39693	7.48961	-5.1383	19.17934	29.63498	1.54832	0.64586	106.24404	112.57563	39.56337	0.34271	 	310974.3756	 	2.2101E-5	 	40166.576	36.8754	 
1130.0	1.0	0.0	7.39933	7.48718	-5.169	19.16225	29.56974	1.54623	0.64673	106.73829	112.95378	39.75342	0.3425	 	336545.771	 	2.03492E-5	 	39982.453	36.8246	 
1125.0	1.0	0.0	7.40172	7.48476	-5.19965	19.14517	29.5045	1.54413	0.64761	107.23287	113.3313	39.94365	0.3423	 	364432.5139	 	1.87251E-5	 	39798.582	36.7742	 
1120.0	1.0	0.0	7.40411	7.48235	-5.23026	19.12811	29.43925	1.54202	0.6485	107.72774	113.70818	40.13405	0.3421	 	394862.8586	 	1.72202E-5	 	39614.962	36.724	 
1115.0	1.0	0.0	7.4065	7.47993	-5.26082	19.11105	29.374	1.53989	0.6494	108.22291	114.08439	40.32461	0.3419	 	428089.3515	 	1.58266E-5	 	39431.592	36.674	 
1110.0	1.0	0.0	7.40889	7.47752	-5.29133	19.094	29.30875	1.53776	0.65029	108.71835	114.45993	40.51534	0.34169	 	464391.6031	 	1.45369E-5	 	39248.469	36.6246	 
1105.0	1.0	0.0	7.41127	7.47512	-5.32179	19.07696	29.24349	1.53562	0.6512	109.21405	114.83478	40.70622	0.34149	 	504079.3976	 	1.33439E-5	 	39065.594	36.575	 
1100.0	1.0	0.0	7.41365	7.47272	-5.3522	19.05993	29.17823	1.53348	0.65211	109.71	115.20894	40.89724	0.34129	 	547496.1834	 	1.22412E-5	 	38882.964	36.526	 
1095.0	1.0	0.0	7.41603	7.47032	-5.38257	19.0429	29.11296	1.53132	0.65303	110.20617	115.58238	41.08842	0.34109	 	595022.9948	 	1.12224E-5	 	38700.578	36.4772	 
1090.0	1.0	0.0	7.41841	7.46793	-5.41288	19.02589	29.0477	1.52915	0.65396	110.70256	115.9551	41.27972	0.34088	 	647082.8592	 	1.02818E-5	 	38518.435	36.4286	 
1085.0	1.0	0.0	7.42078	7.46554	-5.44315	19.00889	28.98243	1.52697	0.65489	111.19916	116.32708	41.47117	0.34068	 	704145.7573	 	9.41395E-6	 	38336.533	36.3804	 
1080.0	1.0	0.0	7.42315	7.46315	-5.47337	18.99189	28.91715	1.52478	0.65583	111.69593	116.69831	41.66274	0.34048	 	766734.2055	 	8.61366E-6	 	38154.872	36.3322	 
1075.0	1.0	0.0	7.42552	7.46077	-5.50355	18.9749	28.85188	1.52259	0.65678	112.19288	117.06878	41.85443	0.34027	 	835429.5477	 	7.87617E-6	 	37973.448	36.2848	 
1070.0	1.0	0.0	7.42789	7.45839	-5.53367	18.95793	28.7866	1.52038	0.65773	112.68999	117.43848	42.04624	0.34007	 	910879.0483	 	7.19698E-6	 	37792.261	36.2374	 
1065.0	1.0	0.0	7.43026	7.45602	-5.56375	18.94096	28.72131	1.51816	0.65869	113.18724	117.80738	42.23816	0.33987	 	993803.8977	 	6.5719E-6	 	37611.31	36.1902	 
1060.0	1.0	0.0	7.43262	7.45365	-5.59378	18.924	28.65603	1.51594	0.65966	113.68462	118.17549	42.43018	0.33967	 	1085008.253	 	5.99698E-6	 	37430.592	36.1436	 
1055.0	1.0	0.0	7.43498	7.45128	-5.62376	18.90705	28.59074	1.5137	0.66063	114.18212	118.5428	42.62231	0.33946	 	1185389.457	 	5.46856E-6	 	37250.107	36.097	 
1050.0	1.0	0.0	7.43734	7.44892	-5.65369	18.89011	28.52544	1.51145	0.66162	114.67971	118.90927	42.81453	0.33926	 	1295949.595	 	4.98319E-6	 	37069.852	36.051	 
1045.0	1.0	0.0	7.4397	7.44656	-5.68358	18.87318	28.46015	1.5092	0.6626	115.17739	119.27492	43.00684	0.33906	 	1417808.583	 	4.53768E-6	 	36889.825	36.0054	 
1040.0	1.0	0.0	7.44205	7.4442	-5.71341	18.85626	28.39485	1.50693	0.6636	115.67514	119.63972	43.19924	0.33886	 	1552218.994	 	4.12903E-6	 	36710.026	35.9598	 
1035.0	1.0	0.0	7.4444	7.44185	-5.7432	18.83934	28.32954	1.50465	0.66461	116.17295	120.00367	43.39172	0.33865	 	1700582.87	 	3.75445E-6	 	36530.452	35.9148	 
1030.0	1.0	0.0	7.44675	7.4395	-5.77295	18.82244	28.26424	1.50236	0.66562	116.67081	120.36675	43.58427	0.33845	 	1864470.803	 	3.41134E-6	 	36351.102	35.87	 
1025.0	1.0	0.0	7.4491	7.43716	-5.80264	18.80554	28.19893	1.50006	0.66664	117.16869	120.72895	43.77689	0.33825	 	2045643.613	 	3.09729E-6	 	36171.974	35.8256	 
1020.0	1.0	0.0	7.45145	7.43481	-5.83229	18.78866	28.13361	1.49776	0.66767	117.66659	121.09026	43.96957	0.33805	 	2246076.985	 	2.81003E-6	 	35993.065	35.7818	 
1015.0	1.0	0.0	7.45379	7.43248	-5.86189	18.77178	28.06829	1.49544	0.6687	118.1645	121.45067	44.16232	0.33784	 	2467989.509	 	2.54747E-6	 	35814.375	35.738	 
1010.0	1.0	0.0	7.45613	7.43014	-5.89144	18.75491	28.00297	1.49311	0.66974	118.66239	121.81018	44.35512	0.33764	 	2713874.61	 	2.30767E-6	 	35635.9	35.695	 
1005.0	1.0	0.0	7.45847	7.42781	-5.92094	18.73805	27.93765	1.49077	0.6708	119.16025	122.16876	44.54797	0.33744	 	2986536.946	 	2.08882E-6	 	35457.64	35.652	 
1000.0	1.0	0.0	7.4608	7.42549	-5.9504	18.7212	27.87232	1.48842	0.67186	119.65808	122.52641	44.74086	0.33723	 	3289133.931	 	1.88923E-6	 	35279.592	35.6096	 
995.0	1.0	0.0	7.46314	7.42317	-5.97981	18.70436	27.80699	1.48605	0.67292	120.15586	122.88311	44.93379	0.33703	 	3625223.156	 	1.70735E-6	 	35101.754	35.5676	 
990.0	1.0	0.0	7.46547	7.42085	-6.00917	18.68753	27.74165	1.48368	0.674	120.65357	123.23887	45.12675	0.33683	 	3998816.578	 	1.54174E-6	 	34924.124	35.526	 
985.0	1.0	0.0	7.4678	7.41853	-6.03849	18.6707	27.67631	1.4813	0.67508	121.1512	123.59366	45.31975	0.33663	 	4414442.532	 	1.39105E-6	 	34746.699	35.485	 
980.0	1.0	0.0	7.47013	7.41622	-6.06775	18.65389	27.61097	1.4789	0.67618	121.64874	123.94748	45.51277	0.33642	 	4877216.721	 	1.25406E-6	 	34569.478	35.4442	 
975.0	1.0	0.0	7.47245	7.41392	-6.09697	18.63708	27.54562	1.4765	0.67728	122.14617	124.30032	45.7058	0.33622	 	5392923.599	 	1.12961E-6	 	34392.459	35.4038	 
970.0	1.0	0.0	7.47477	7.41161	-6.12615	18.62029	27.48027	1.47408	0.67839	122.64348	124.65216	45.89885	0.33602	 	5968109.727	 	1.01665E-6	 	34215.638	35.3642	 
965.0	1.0	0.0	7.47709	7.40931	-6.15527	18.6035	27.41491	1.47165	0.67951	123.14066	125.003	46.09191	0.33582	 	6610190.998	 	9.1421E-7	 	34039.013	35.325	 
960.0	1.0	0.0	7.47941	7.40702	-6.18435	18.58672	27.34955	1.46921	0.68064	123.63769	125.35283	46.28497	0.33561	 	7327575.875	 	8.21377E-7	 	33862.583	35.286	 
955.0	1.0	0.0	7.48173	7.40473	-6.21338	18.56996	27.28419	1.46676	0.68178	124.13457	125.70164	46.47804	0.33541	 	8129807.217	 	7.37323E-7	 	33686.344	35.2478	 
950.0	1.0	0.0	7.48404	7.40244	-6.24237	18.5532	27.21882	1.46429	0.68292	124.63127	126.04942	46.67109	0.33521	 	9027725.612	 	6.61284E-7	 	33510.294	35.21	 
945.0	1.0	0.0	7.48635	7.40015	-6.2713	18.53644	27.15345	1.46182	0.68408	125.12779	126.39615	46.86414	0.33501	 	1.003365773E7	 	5.92554E-7	 	33334.431	35.1726	 
940.0	1.0	0.0	7.48866	7.39787	-6.30019	18.5197	27.08808	1.45933	0.68525	125.62411	126.74184	47.05717	0.3348	 	1.116163365E7	 	5.30485E-7	 	33158.751	35.136	 
935.0	1.0	0.0	7.49096	7.39559	-6.32904	18.50297	27.0227	1.45683	0.68642	126.12021	127.08646	47.25017	0.3346	 	1.242763808E7	 	4.74481E-7	 	32983.251	35.1	 
930.0	1.0	0.0	7.49327	7.39332	-6.35783	18.48625	26.95732	1.45432	0.68761	126.61609	127.43002	47.44316	0.3344	 	1.384990073E7	 	4.23994E-7	 	32807.93	35.0642	 
925.0	1.0	0.0	7.49557	7.39105	-6.38658	18.46953	26.89193	1.4518	0.6888	127.11173	127.77249	47.63611	0.3342	 	1.544923265E7	 	3.78522E-7	 	32632.783	35.0294	 
920.0	1.0	0.0	7.49787	7.38879	-6.41529	18.45283	26.82654	1.44927	0.69	127.60712	128.11388	47.82902	0.33399	 	1.724941606E7	 	3.37604E-7	 	32457.808	34.995	 
915.0	1.0	0.0	7.50016	7.38652	-6.44394	18.43613	26.76115	1.44672	0.69122	128.10225	128.45417	48.0219	0.33379	 	1.927765655E7	 	3.00818E-7	 	32283.001	34.9614	 
910.0	1.0	0.0	7.50246	7.38426	-6.47255	18.41944	26.69575	1.44416	0.69244	128.59709	128.79335	48.21472	0.33359	 	2.156510851E7	 	2.67778E-7	 	32108.36	34.9282	 
905.0	1.0	0.0	7.50475	7.38201	-6.50111	18.40277	26.63035	1.44159	0.69368	129.09164	129.13142	48.4075	0.33338	 	2.414748603E7	 	2.38131E-7	 	31933.881	34.8958	 
900.0	1.0	0.0	7.50704	7.37976	-6.52963	18.3861	26.56494	1.43901	0.69492	129.58589	129.46836	48.60022	0.33318	 	2.706577416E7	 	2.11553E-7	 	31759.56	34.8642	 
895.0	1.0	0.0	7.50933	7.37751	-6.5581	18.36944	26.49953	1.43641	0.69618	130.07983	129.80417	48.79289	0.33298	 	3.036705788E7	 	1.87751E-7	 	31585.395	34.833	 
890.0	1.0	0.0	7.51161	7.37527	-6.58652	18.35279	26.43411	1.4338	0.69745	130.57343	130.13884	48.98548	0.33278	 	3.410548945E7	 	1.66455E-7	 	31411.38	34.803	 
885.0	1.0	0.0	7.51389	7.37303	-6.61489	18.33614	26.3687	1.43118	0.69872	131.06669	130.47236	49.17801	0.33257	 	3.83434184E7	 	1.47421E-7	 	31237.513	34.7734	 
880.0	1.0	0.0	7.51617	7.37079	-6.64322	18.31951	26.30327	1.42854	0.70001	131.55959	130.80471	49.37046	0.33237	 	4.315271333E7	 	1.30426E-7	 	31063.789	34.7448	 
875.0	1.0	0.0	7.51845	7.36856	-6.6715	18.30289	26.23785	1.4259	0.70131	132.05212	131.1359	49.56283	0.33217	 	4.861630959E7	 	1.15267E-7	 	30890.205	34.7168	 
870.0	1.0	0.0	7.52073	7.36633	-6.69974	18.28627	26.17241	1.42324	0.70262	132.54428	131.46592	49.75512	0.33197	 	5.483002402E7	 	1.01759E-7	 	30716.755	34.69	 
865.0	1.0	0.0	7.523	7.3641	-6.72793	18.26967	26.10698	1.42056	0.70395	133.03604	131.79475	49.94732	0.33176	 	6.19046851E7	 	8.97352E-8	 	30543.437	34.6636	 
860.0	1.0	0.0	7.52527	7.36188	-6.75607	18.25307	26.04154	1.41788	0.70528	133.52739	132.12239	50.13942	0.33156	 	6.996863664E7	 	7.90443E-8	 	30370.244	34.6386	 
855.0	1.0	0.0	7.52754	7.35966	-6.78417	18.23648	25.9761	1.41518	0.70663	134.01833	132.44882	50.33143	0.33136	 	7.917068416E7	 	6.95487E-8	 	30197.173	34.6142	 
850.0	1.0	0.0	7.5298	7.35745	-6.81222	18.2199	25.91065	1.41246	0.70798	134.50883	132.77405	50.52333	0.33116	 	8.968356668E7	 	6.1124E-8	 	30024.219	34.5908	 
845.0	1.0	0.0	7.53207	7.35524	-6.84022	18.20334	25.8452	1.40974	0.70935	134.99889	133.09806	50.71512	0.33095	 	1.017080528E8	 	5.36576E-8	 	29851.376	34.5686	 
840.0	1.0	0.0	7.53433	7.35303	-6.86818	18.18677	25.77974	1.407	0.71073	135.48849	133.42085	50.9068	0.33075	 	1.154777797E8	 	4.70481E-8	 	29678.639	34.5474	 
835.0	1.0	0.0	7.53659	7.35082	-6.89609	18.17022	25.71428	1.40424	0.71213	135.97763	133.74241	51.09836	0.33055	 	1.312649777E8	 	4.12037E-8	 	29506.002	34.5274	 
830.0	1.0	0.0	7.53884	7.34862	-6.92396	18.15368	25.64882	1.40147	0.71353	136.46628	134.06272	51.2898	0.33035	 	1.493872502E8	 	3.60419E-8	 	29333.461	34.5082	 
825.0	1.0	0.0	7.5411	7.34643	-6.95177	18.13715	25.58335	1.39869	0.71495	136.95444	134.38179	51.48111	0.33014	 	1.702156172E8	 	3.14883E-8	 	29161.008	34.4906	 
820.0	1.0	0.0	7.54335	7.34423	-6.97955	18.12062	25.51788	1.3959	0.71639	137.44209	134.6996	51.67229	0.32994	 	1.941840672E8	 	2.7476E-8	 	28988.638	34.474	 
815.0	1.0	0.0	7.5456	7.34205	-7.00727	18.10411	25.4524	1.39309	0.71783	137.92923	135.01615	51.86333	0.32974	 	2.2180092E8	 	2.39449E-8	 	28816.344	34.4588	 
810.0	1.0	0.0	7.54784	7.33986	-7.03495	18.0876	25.38692	1.39026	0.71929	138.41583	135.33143	52.05424	0.32953	 	2.536623597E8	 	2.0841E-8	 	28644.119	34.445	 
805.0	1.0	0.0	7.55009	7.33768	-7.06259	18.07111	25.32144	1.38742	0.72076	138.90189	135.64543	52.24499	0.32933	 	2.904685777E8	 	1.81162E-8	 	28471.956	34.4326	 
800.0	1.0	0.0	7.55233	7.3355	-7.09018	18.05462	25.25595	1.38457	0.72225	139.3874	135.95815	52.4356	0.32913	 	3.330430549E8	 	1.5727E-8	 	28299.848	34.4216	 
795.0	1.0	0.0	7.55457	7.33333	-7.11772	18.03814	25.19046	1.3817	0.72375	139.87234	136.26958	52.62605	0.32893	 	3.823556296E8	 	1.36349E-8	 	28127.786	34.4124	 
790.0	1.0	0.0	7.55681	7.33116	-7.14522	18.02167	25.12497	1.37882	0.72526	140.35671	136.5797	52.81634	0.32872	 	4.395501331E8	 	1.18052E-8	 	27955.763	34.4046	 
785.0	1.0	0.0	7.55904	7.32899	-7.17267	18.00521	25.05947	1.37592	0.72679	140.84048	136.88853	53.00647	0.32852	 	5.059775492E8	 	1.02071E-8	 	27783.769	34.3988	 
780.0	1.0	0.0	7.56127	7.32682	-7.20007	17.98876	24.99397	1.37301	0.72833	141.32365	137.19603	53.19642	0.32832	 	5.83235861E8	 	8.81318E-9	 	27611.796	34.3946	 
775.0	1.0	0.0	7.5635	7.32466	-7.22743	17.97231	24.92846	1.37008	0.72988	141.8062	137.50222	53.38621	0.32812	 	6.732180085E8	 	7.59896E-9	 	27439.834	34.3924	 
770.0	1.0	0.0	7.56573	7.32251	-7.25474	17.95588	24.86295	1.36714	0.73146	142.28813	137.80708	53.57581	0.32791	 	7.781696989E8	 	6.54273E-9	 	27267.873	34.3922	 
765.0	1.0	0.0	7.56796	7.32035	-7.28201	17.93946	24.79744	1.36418	0.73304	142.76942	138.11061	53.76524	0.32771	 	9.00759203E8	 	5.6252E-9	 	27095.901	34.3944	 
760.0	1.0	0.0	7.57018	7.31821	-7.30923	17.92304	24.73192	1.3612	0.73464	143.25006	138.41279	53.95447	0.32751	 	1.04416176E9	 	4.82928E-9	 	26923.909	34.3984	 
755.0	1.0	0.0	7.5724	7.31606	-7.33641	17.90663	24.6664	1.35821	0.73626	143.73004	138.71363	54.14352	0.32731	 	1.212161815E9	 	4.13983E-9	 	26751.883	34.4052	 
750.0	1.0	0.0	7.57462	7.31392	-7.36354	17.89024	24.60087	1.35521	0.73789	144.20935	139.01312	54.33237	0.3271	 	1.409277058E9	 	3.54348E-9	 	26579.81	34.4146	 
745.0	1.0	0.0	7.57683	7.31178	-7.39062	17.87385	24.53535	1.35219	0.73954	144.68797	139.31125	54.52102	0.3269	 	1.640909177E9	 	3.0284E-9	 	26407.678	34.4264	 
740.0	1.0	0.0	7.57904	7.30964	-7.41766	17.85747	24.46981	1.34915	0.74121	145.16589	139.60801	54.70946	0.3267	 	1.913527371E9	 	2.5842E-9	 	26235.471	34.4414	 
735.0	1.0	0.0	7.58126	7.30751	-7.44465	17.8411	24.40428	1.3461	0.74289	145.6431	139.90339	54.89769	0.3265	 	2.234892151E9	 	2.20169E-9	 	26063.175	34.4592	 
730.0	1.0	0.0	7.58346	7.30539	-7.4716	17.82474	24.33874	1.34303	0.74459	146.11959	140.1974	55.08571	0.32629	 	2.614328729E9	 	1.8728E-9	 	25890.772	34.4806	 
725.0	1.0	0.0	7.58567	7.30326	-7.49851	17.80839	24.27319	1.33994	0.7463	146.59536	140.49002	55.27351	0.32609	 	3.063061596E9	 	1.59047E-9	 	25718.245	34.5054	 
720.0	1.0	0.0	7.58787	7.30114	-7.52536	17.79204	24.20765	1.33684	0.74803	147.07037	140.78125	55.46109	0.32589	 	3.594624698E9	 	1.34849E-9	 	25545.574	34.5342	 
715.0	1.0	0.0	7.59007	7.29902	-7.55217	17.77571	24.14209	1.33372	0.74978	147.54464	141.07108	55.64844	0.32569	 	4.225365235E9	 	1.14142E-9	 	25372.741	34.5666	 
710.0	1.0	0.0	7.59227	7.29691	-7.57894	17.75939	24.07654	1.33059	0.75155	148.01813	141.35951	55.83556	0.32548	 	4.975063573E9	 	9.64512E-10	 	25199.722	34.6038	 
705.0	1.0	0.0	7.59447	7.2948	-7.60566	17.74307	24.01098	1.32744	0.75333	148.49085	141.64653	56.02244	0.32528	 	5.867697488E9	 	8.13625E-10	 	25026.494	34.6456	 
700.0	1.0	0.0	7.59666	7.2927	-7.63234	17.72676	23.94541	1.32427	0.75514	148.96278	141.93213	56.20908	0.32508	 	6.932386122E9	 	6.85147E-10	 	24853.031	34.6926	 
695.0	1.0	0.0	7.59885	7.29059	-7.65897	17.71047	23.87984	1.32108	0.75696	149.43391	142.21631	56.39548	0.32487	 	8.204558172E9	 	5.75936E-10	 	24679.307	34.7448	 
690.0	1.0	0.0	7.60104	7.28849	-7.68555	17.69418	23.81427	1.31788	0.7588	149.90423	142.49906	56.58163	0.32467	 	9.727400423E9	 	4.83263E-10	 	24505.289	34.8036	 
685.0	1.0	0.0	7.60322	7.2864	-7.71209	17.6779	23.74869	1.31465	0.76066	150.37372	142.78038	56.76752	0.32447	 	1.15537E10	 	4.04763E-10	 	24330.947	34.8684	 
680.0	1.0	0.0	7.60541	7.28431	-7.73859	17.66163	23.6831	1.31142	0.76253	150.84238	143.06026	56.95316	0.32427	 	1.3747899999999998E10	 	3.38386E-10	 	24156.244	34.9406	 
675.0	1.0	0.0	7.60759	7.28222	-7.76504	17.64536	23.61751	1.30816	0.76443	151.31019	143.33869	57.13853	0.32406	 	1.6389199999999998E10	 	2.82362E-10	 	23981.142	35.0204	 
670.0	1.0	0.0	7.60977	7.28013	-7.79144	17.62911	23.55191	1.30489	0.76635	151.77715	143.61568	57.32363	0.32386	 	1.95748E10	 	2.35164E-10	 	23805.598	35.1088	 
665.0	1.0	0.0	7.61194	7.27805	-7.8178	17.61287	23.48631	1.30159	0.76829	152.24324	143.8912	57.50847	0.32366	 	2.3424399999999996E10	 	1.95474E-10	 	23629.565	35.2066	 
660.0	1.0	0.0	7.61412	7.27597	-7.84412	17.59664	23.4207	1.29828	0.77025	152.70845	144.16527	57.69303	0.32346	 	2.8085699999999996E10	 	1.62163E-10	 	23452.991	35.3148	 
655.0	1.0	0.0	7.61629	7.2739	-7.87039	17.58041	23.35509	1.29495	0.77223	153.17276	144.43787	57.8773	0.32325	 	3.3741199999999996E10	 	1.34259E-10	 	23275.822	35.4338	 
650.0	1.0	0.0	7.61846	7.27183	-7.89661	17.56419	23.28946	1.29161	0.77423	153.63618	144.70899	58.0613	0.32305	 	4.0617E10	 	1.10931E-10	 	23097.993	35.5658	 
645.0	1.0	0.0	7.62062	7.26976	-7.92279	17.54799	23.22383	1.28824	0.77625	154.09869	144.97864	58.245	0.32285	 	4.899379999999999E10	 	9.14659E-11	 	22919.437	35.7112	 
640.0	1.0	0.0	7.62279	7.2677	-7.94893	17.53179	23.1582	1.28486	0.7783	154.56027	145.24681	58.42842	0.32265	 	5.922089999999999E10	 	7.52582E-11	 	22740.075	35.8724	 
635.0	1.0	0.0	7.62495	7.26564	-7.97502	17.5156	23.09255	1.28146	0.78036	155.02091	145.51349	58.61153	0.32244	 	7.1734E10	 	6.17902E-11	 	22559.823	36.0504	 
630.0	1.0	0.0	7.62711	7.26358	-8.00106	17.49942	23.0269	1.27803	0.78245	155.48061	145.77867	58.79434	0.32224	 	8.70774E10	 	5.06222E-11	 	22378.587	36.2472	 
625.0	1.0	0.0	7.62926	7.26153	-8.02707	17.48325	22.96123	1.27459	0.78456	155.93936	146.04236	58.97685	0.32204	 	1.05933E11	 	4.13812E-11	 	22196.259	36.4656	 
620.0	1.0	0.0	7.63142	7.25948	-8.05302	17.46709	22.89556	1.27113	0.7867	156.39714	146.30454	59.15905	0.32184	 	1.29158E11	 	3.37513E-11	 	22012.72	36.7078	 
615.0	1.0	0.0	7.63357	7.25744	-8.07893	17.45093	22.82988	1.26765	0.78886	156.85394	146.56521	59.34093	0.32163	 	1.57829E11	 	2.74654E-11	 	21820.905	38.363	 
610.0	1.0	0.0	7.63572	7.25539	-8.1048	17.43479	22.76419	1.26415	0.79104	157.30975	146.82437	59.5225	0.32143	 	1.93307E11	 	2.22984E-11	 	21624.939	39.1932	 
605.0	1.0	0.0	7.63786	7.25335	-8.13062	17.41866	22.69849	1.26064	0.79325	157.76456	147.08201	59.70374	0.32123	 	2.37312E11	 	1.80607E-11	 	21430.54	38.8798	 
600.0	1.0	0.0	7.64001	7.25132	-8.1564	17.40253	22.63278	1.2571	0.79548	158.21836	147.33813	59.88466	0.32103	 	2.92026E11	 	1.45933E-11	 	21237.652	38.5776	 
595.0	1.0	0.0	7.64215	7.24929	-8.18213	17.38641	22.56707	1.25354	0.79774	158.67114	147.59272	60.06524	0.32082	 	3.60221E11	 	1.17628E-11	 	21046.219	38.2866	 
590.0	1.0	0.0	7.64429	7.24726	-8.20782	17.37031	22.50134	1.24996	0.80003	159.12289	147.84578	60.24549	0.32062	 	4.45431E11	 	9.45784E-12	 	20856.192	38.0054	 
585.0	1.0	0.0	7.64642	7.24523	-8.23347	17.35421	22.4356	1.24636	0.80234	159.57359	148.0973	60.4254	0.32042	 	5.52174E11	 	7.58533E-12	 	20667.522	37.734	 
580.0	1.0	0.0	7.64856	7.24321	-8.25907	17.33812	22.36985	1.24274	0.80467	160.02325	148.34728	60.60497	0.32022	 	6.86234E11	 	6.06792E-12	 	20480.164	37.4716	 
575.0	1.0	0.0	7.65069	7.2412	-8.28462	17.32204	22.30409	1.2391	0.80704	160.47184	148.59571	60.78419	0.32001	 	8.55047E11	 	4.84138E-12	 	20294.074	37.218	 
570.0	1.0	0.0	7.65282	7.23918	-8.31013	17.30597	22.23832	1.23544	0.80943	160.91935	148.84259	60.96306	0.31981	 	1.06819E12	 	3.8525E-12	 	20109.211	36.9726	 
565.0	1.0	0.0	7.65494	7.23717	-8.3356	17.28991	22.17253	1.23175	0.81185	161.36578	149.08792	61.14157	0.31961	 	1.33804E12	 	3.05731E-12	 	19925.537	36.7348	 
560.0	1.0	0.0	7.65707	7.23516	-8.36102	17.27385	22.10674	1.22805	0.8143	161.81112	149.33169	61.31972	0.31941	 	1.68063E12	 	2.41957E-12	 	19743.014	36.5046	 
555.0	1.0	0.0	7.65919	7.23316	-8.3864	17.25781	22.04094	1.22432	0.81678	162.25535	149.57389	61.49751	0.3192	 	2.11679E12	 	1.9095E-12	 	19561.608	36.2812	 
550.0	1.0	0.0	7.66131	7.23116	-8.41174	17.24177	21.97512	1.22058	0.81928	162.69847	149.81452	61.67492	0.319	 	2.67367E12	 	1.50265E-12	 	19381.286	36.0644	 
545.0	1.0	0.0	7.66342	7.22916	-8.43703	17.22575	21.9093	1.21681	0.82182	163.14046	150.05358	61.85197	0.3188	 	3.38677E12	 	1.17905E-12	 	19202.017	35.8538	 
540.0	1.0	0.0	7.66554	7.22717	-8.46227	17.20973	21.84346	1.21302	0.82439	163.58131	150.29106	62.02864	0.31859	 	4.30264E12	 	9.22407E-13	 	19023.77	35.6494	 
535.0	1.0	0.0	7.66765	7.22518	-8.48747	17.19372	21.77761	1.2092	0.82699	164.02102	150.52697	62.20493	0.31839	 	5.48248E12	 	7.19452E-13	 	18846.518	35.4504	 
530.0	1.0	0.0	7.66976	7.22319	-8.51263	17.17772	21.71176	1.20537	0.82962	164.45957	150.76128	62.38083	0.31819	 	7.00709E12	 	5.5943E-13	 	18670.233	35.257	 
525.0	1.0	0.0	7.67186	7.22121	-8.53775	17.16173	21.64589	1.20151	0.83229	164.89695	150.99401	62.55635	0.31799	 	8.9834E12	 	4.33641E-13	 	18494.891	35.0684	 
520.0	1.0	0.0	7.67396	7.21923	-8.56282	17.14575	21.58001	1.19763	0.83498	165.33316	151.22515	62.73147	0.31778	 	1.15534E13	 	3.35066E-13	 	18320.466	34.885	 
515.0	1.0	0.0	7.67607	7.21726	-8.58784	17.12978	21.51412	1.19372	0.83772	165.76818	151.45469	62.9062	0.31758	 	1.49065E13	 	2.5806E-13	 	18146.937	34.7058	 
510.0	1.0	0.0	7.67816	7.21528	-8.61282	17.11382	21.44822	1.18979	0.84048	166.202	151.68262	63.08053	0.31738	 	1.92957E13	 	1.98094E-13	 	17974.28	34.5314	 
505.0	1.0	0.0	7.68026	7.21331	-8.63776	17.09787	21.38231	1.18584	0.84328	166.63462	151.90896	63.25445	0.31718	 	2.50606E13	 	1.51551E-13	 	17802.476	34.3608	 
500.0	1.0	0.0	7.68235	7.21135	-8.66266	17.08192	21.31639	1.18186	0.84612	167.06602	152.13368	63.42796	0.31697	 	3.26588E13	 	1.15545E-13	 	17631.504	34.1944	 
495.0	1.0	0.0	7.68444	7.20939	-8.68751	17.06599	21.25046	1.17786	0.84899	167.49619	152.3568	63.60106	0.31677	 	4.27082E13	 	8.77852E-14	 	17461.346	34.0316	 
490.0	1.0	0.0	7.68653	7.20743	-8.71231	17.05006	21.18453	1.17384	0.8519	167.92513	152.57829	63.77374	0.31657	 	5.60475E13	 	6.64569E-14	 	17291.983	33.8726	 
485.0	1.0	0.0	7.68862	7.20547	-8.73708	17.03414	21.11858	1.16979	0.85485	168.35282	152.79817	63.94601	0.31637	 	7.38185E13	 	5.01276E-14	 	17123.399	33.7168	 
480.0	1.0	0.0	7.6907	7.20352	-8.7618	17.01824	21.05262	1.16572	0.85784	168.77925	153.01643	64.11785	0.31616	 	9.75817E13	 	3.76704E-14	 	16955.576	33.5646	 
475.0	1.0	0.0	7.69278	7.20157	-8.78647	17.00234	20.98666	1.16162	0.86087	169.20442	153.23306	64.28926	0.31596	 	1.2947899999999998E14	 	2.82018E-14	 	16788.499	33.4154	 
470.0	1.0	0.0	7.69486	7.19963	-8.8111	16.98645	20.92068	1.15749	0.86394	169.62832	153.44807	64.46024	0.31576	 	1.7246E14	 	2.10318E-14	 	16622.154	33.269	 
465.0	1.0	0.0	7.69693	7.19769	-8.83569	16.97057	20.8547	1.15334	0.86704	170.05093	153.66144	64.63079	0.31556	 	2.30605E14	 	1.56229E-14	 	16456.526	33.1256	 
460.0	1.0	0.0	7.69901	7.19575	-8.86024	16.95469	20.78871	1.14917	0.8702	170.47224	153.87317	64.80089	0.31535	 	3.09584E14	 	1.15585E-14	 	16291.601	32.985	 
455.0	1.0	0.0	7.70108	7.19381	-8.88474	16.93883	20.72271	1.14496	0.87339	170.89226	154.08327	64.97055	0.31515	 	4.17302E14	 	8.51642E-15	 	16127.367	32.8468	 
450.0	1.0	0.0	7.70315	7.19188	-8.9092	16.92298	20.6567	1.14074	0.87663	171.31096	154.29173	65.13977	0.31495	 	5.64835E14	 	6.24875E-15	 	15963.81	32.7114	 
445.0	1.0	0.0	7.70521	7.18996	-8.93361	16.90713	20.59068	1.13648	0.87991	171.72833	154.49854	65.30853	0.31475	 	7.67767E14	 	4.56534E-15	 	15800.919	32.5782	 
440.0	1.0	0.0	7.70727	7.18803	-8.95798	16.8913	20.52466	1.1322	0.88324	172.14438	154.70371	65.47684	0.31454	 	1.04812E15	 	3.3209E-15	 	15638.683	32.4472	 
435.0	1.0	0.0	7.70933	7.18611	-8.98231	16.87547	20.45862	1.12789	0.88661	172.55909	154.90722	65.64469	0.31434	 	1.43717E15	 	2.40493E-15	 	15477.09	32.3186	 
430.0	1.0	0.0	7.71139	7.18419	-9.0066	16.85965	20.39258	1.12355	0.89003	172.97245	155.10908	65.81209	0.31414	 	1.97953E15	 	1.7337E-15	 	15316.13	32.192	 
425.0	1.0	0.0	7.71345	7.18228	-9.03084	16.84384	20.32653	1.11919	0.8935	173.38445	155.30929	65.97901	0.31394	 	2.73912E15	 	1.24401E-15	 	15155.793	32.0674	 
420.0	1.0	0.0	7.7155	7.18037	-9.05504	16.82804	20.26048	1.1148	0.89703	173.79508	155.50784	66.14547	0.31373	 	3.80804E15	 	8.88409E-16	 	14996.068	31.945	 
415.0	1.0	0.0	7.71755	7.17846	-9.07919	16.81225	20.19441	1.11038	0.9006	174.20434	155.70473	66.31145	0.31353	 	5.31956E15	 	6.31385E-16	 	14836.948	31.824	 
410.0	1.0	0.0	7.7196	7.17656	-9.1033	16.79647	20.12834	1.10593	0.90422	174.61221	155.89996	66.47696	0.31333	 	7.46758E15	 	4.46501E-16	 	14678.422	31.7052	 
405.0	1.0	0.0	7.72164	7.17466	-9.12737	16.7807	20.06225	1.10145	0.9079	175.01869	156.09353	66.64199	0.31313	 	1.05357E16	 	3.1416E-16	 	14520.483	31.5878	 
400.0	1.0	0.0	7.72368	7.17276	-9.1514	16.76494	19.99616	1.09694	0.91163	175.42377	156.28542	66.80653	0.31292	 	1.49406E16	 	2.19902E-16	 	14363.122	31.4722	 
395.0	1.0	0.0	7.72572	7.17087	-9.17538	16.74918	19.93006	1.0924	0.91541	175.82744	156.47565	66.97059	0.31272	 	2.12986E16	 	1.53112E-16	 	14206.33	31.3584	 
390.0	1.0	0.0	7.72776	7.16898	-9.19932	16.73344	19.86396	1.08784	0.91926	176.22969	156.66421	67.13416	0.31252	 	3.05254E16	 	1.06032E-16	 	14050.101	31.2458	 
385.0	1.0	0.0	7.72979	7.16709	-9.22322	16.7177	19.79784	1.08324	0.92316	176.63051	156.85109	67.29724	0.31232	 	4.39896E16	 	7.30234E-17	 	13894.426	31.135	 
380.0	1.0	0.0	7.73182	7.16521	-9.24707	16.70198	19.73172	1.07861	0.92712	177.0299	157.0363	67.45982	0.31211	 	6.37488E16	 	5.00066E-17	 	13739.3	31.0252	 
375.0	1.0	0.0	7.73385	7.16333	-9.27088	16.68626	19.66558	1.07396	0.93114	177.42785	157.21984	67.6219	0.31191	 	9.29149E16	 	3.40468E-17	 	13584.714	30.9172	 
370.0	1.0	0.0	7.73588	7.16145	-9.29465	16.67055	19.59944	1.06927	0.93522	177.82435	157.4017	67.78348	0.31171	 	1.36222E17	 	2.30437E-17	 	13430.662	30.8104	 
365.0	1.0	0.0	7.7379	7.15958	-9.31837	16.65485	19.53329	1.06455	0.93937	178.21939	157.58188	67.94456	0.31151	 	2.00916E17	 	1.55022E-17	 	13277.138	30.7048	 
360.0	1.0	0.0	7.73993	7.15771	-9.34205	16.63916	19.46713	1.0598	0.94358	178.61297	157.76037	68.10512	0.3113	 	2.98163E17	 	1.03643E-17	 	13124.136	30.6004	 
355.0	1.0	0.0	7.74194	7.15584	-9.36569	16.62348	19.40096	1.05501	0.94786	179.00507	157.93719	68.26517	0.3111	 	4.45272E17	 	6.88533E-18	 	12971.65	30.4972	 
350.0	1.0	0.0	7.74396	7.15398	-9.38929	16.6078	19.33478	1.0502	0.9522	179.39569	158.11233	68.42471	0.3109	 	6.69262E17	 	4.54447E-18	 	12819.674	30.3952	 
345.0	1.0	0.0	7.74597	7.15212	-9.41284	16.59214	19.26859	1.04535	0.95662	179.78483	158.28578	68.58373	0.3107	 	1.01259E18	 	2.97953E-18	 	12668.202	30.2944	 
340.0	1.0	0.0	7.74798	7.15026	-9.43635	16.57649	19.20239	1.04047	0.9611	180.17247	158.45755	68.74223	0.31049	 	1.54243E18	 	1.9402E-18	 	12517.229	30.1946	 
335.0	1.0	0.0	7.74999	7.14841	-9.45982	16.56084	19.13618	1.03556	0.96567	180.55862	158.62764	68.9002	0.31029	 	2.36586E18	 	1.25461E-18	 	12366.75	30.0958	 
330.0	1.0	0.0	7.752	7.14656	-9.48325	16.5452	19.06996	1.03061	0.9703	180.94325	158.79604	69.05765	0.31009	 	3.65473E18	 	8.05484E-19	 	12216.76	29.998	 
325.0	1.0	0.0	7.754	7.14471	-9.50663	16.52958	19.00373	1.02563	0.97501	181.32638	158.96276	69.21457	0.30989	 	5.68698E18	 	5.13352E-19	 	12067.254	29.9012	 
320.0	1.0	0.0	7.756	7.14287	-9.52997	16.51396	18.93749	1.02061	0.97981	181.70798	159.12779	69.37096	0.30968	 	8.91556E18	 	3.24715E-19	 	11918.227	29.8054	 
315.0	1.0	0.0	7.758	7.14103	-9.55327	16.49835	18.87124	1.01556	0.98468	182.08806	159.29114	69.52681	0.30948	 	1.40844E19	 	2.03815E-19	 	11769.675	29.7104	 
310.0	1.0	0.0	7.76	7.1392	-9.57653	16.48275	18.80497	1.01047	0.98963	182.46661	159.45281	69.68213	0.30928	 	2.24253E19	 	1.2692E-19	 	11621.594	29.6162	 
305.0	1.0	0.0	7.76199	7.13736	-9.59974	16.46716	18.7387	1.00535	0.99467	182.84362	159.61279	69.83691	0.30908	 	3.59942E19	 	7.83961E-20	 	11473.98	29.5228	 
300.0	1.0	0.0	7.76398	7.13553	-9.62291	16.45158	18.67241	1.0002	0.9998	183.21909	159.77109	69.99115	0.30887	 	5.82527E19	 	4.80219E-20	 	11326.827	29.4306	 
295.0	1.0	0.0	7.76597	7.13371	-9.64604	16.436	18.60612	0.995	1.00502	183.59301	159.9277	70.14484	0.30867	 	9.50784E19	 	2.91654E-20	 	11180.133	29.3388	 
290.0	1.0	0.0	7.76795	7.13188	-9.66913	16.42044	18.53981	0.98978	1.01033	183.96538	160.08264	70.29799	0.30847	 	1.56541E20	 	1.75583E-20	 	11033.894	29.2478	 
285.0	1.0	0.0	7.76993	7.13007	-9.69217	16.40489	18.47349	0.98451	1.01573	184.3362	160.2359	70.45059	0.30827	 	2.6004999999999997E20	 	1.04756E-20	 	10888.106	29.1576	 
280.0	1.0	0.0	7.77191	7.12825	-9.71517	16.38934	18.40715	0.97921	1.02124	184.70545	160.38748	70.60264	0.30806	 	4.3598699999999997E20	 	6.19236E-21	 	10742.765	29.0682	 
275.0	1.0	0.0	7.77389	7.12644	-9.73813	16.3738	18.34081	0.97386	1.02684	185.07314	160.53738	70.75414	0.30786	 	7.378789999999999E20	 	3.62577E-21	 	10597.869	28.9792	 
270.0	1.0	0.0	7.77586	7.12463	-9.76105	16.35827	18.27445	0.96849	1.03254	185.43926	160.68562	70.90509	0.30766	 	1.2609800000000001E21	 	2.10232E-21	 	10453.414	28.891	 
265.0	1.0	0.0	7.77783	7.12282	-9.78393	16.34276	18.20808	0.96307	1.03835	185.80381	160.83218	71.05549	0.30746	 	2.17648E21	 	1.2068E-21	 	10309.396	28.8036	 
260.0	1.0	0.0	7.7798	7.12102	-9.80676	16.32725	18.14169	0.95761	1.04426	186.16679	160.97707	71.20532	0.30725	 	3.79534E21	 	6.85623E-22	 	10165.814	28.7164	 
255.0	1.0	0.0	7.78177	7.11922	-9.82955	16.31175	18.0753	0.95212	1.05029	186.52819	161.1203	71.35461	0.30705	 	6.688390000000001E21	 	3.8541E-22	 	10022.664	28.63	 
250.0	1.0	0.0	7.78373	7.11742	-9.8523	16.29626	18.00889	0.94658	1.05644	186.88801	161.26187	71.50333	0.30685	 	1.1915099999999999E22	 	2.14297E-22	 	9879.944	28.544	 
245.0	1.0	0.0	7.7857	7.11563	-9.87501	16.28077	17.94246	0.941	1.0627	187.24626	161.40177	71.6515	0.30665	 	2.1464199999999997E22	 	1.17822E-22	 	9737.65	28.4588	 
240.0	1.0	0.0	7.78765	7.11384	-9.89767	16.2653	17.87603	0.93539	1.06908	187.60292	161.54003	71.7991	0.30644	 	3.9112399999999995E22	 	6.40348E-23	 	9595.781	28.3738	 
235.0	1.0	0.0	7.78961	7.11205	-9.9203	16.24984	17.80958	0.92973	1.07558	187.95799	161.67664	71.94615	0.30624	 	7.21182E22	 	3.43901E-23	 	9454.334	28.2894	 
230.0	1.0	0.0	7.79156	7.11027	-9.94288	16.23438	17.74311	0.92403	1.08222	188.31149	161.8116	72.09264	0.30604	 	1.3460399999999999E23	 	1.82443E-23	 	9313.308	28.2052	 
225.0	1.0	0.0	7.79351	7.10849	-9.96542	16.21893	17.67663	0.91829	1.08898	188.6634	161.94492	72.23856	0.30584	 	2.54397E23	 	9.55728E-24	 	9172.699	28.1218	 
220.0	1.0	0.0	7.79546	7.10672	-9.98792	16.2035	17.61014	0.9125	1.09589	189.01373	162.07661	72.38393	0.30563	 	4.8705099999999994E23	 	4.94187E-24	 	9032.507	28.0384	 
215.0	1.0	0.0	7.79741	7.10494	-10.01037	16.18807	17.54363	0.90667	1.10293	189.36248	162.20667	72.52873	0.30543	 	9.44965E23	 	2.5213E-24	 	8892.729	27.9556	 
210.0	1.0	0.0	7.79935	7.10317	-10.03279	16.17265	17.47711	0.9008	1.11012	189.70965	162.33511	72.67297	0.30523	 	1.85873E24	 	1.26868E-24	 	8753.364	27.873	 
205.0	1.0	0.0	7.80129	7.10141	-10.05516	16.15724	17.41057	0.89489	1.11746	190.05525	162.46194	72.81666	0.30503	 	3.70818E24	 	6.29347E-25	 	8614.41	27.7908	 
200.0	1.0	0.0	7.80323	7.09964	-10.07749	16.14184	17.34402	0.88893	1.12495	190.39927	162.58717	72.95979	0.30482	 	7.50666E24	 	3.07637E-25	 	8475.866	27.7088	 
195.0	1.0	0.0	7.80516	7.09788	-10.09978	16.12645	17.27745	0.88292	1.1326	190.74172	162.71079	73.10236	0.30462	 	1.54268E25	 	1.48114E-25	 	8337.731	27.627	 
190.0	1.0	0.0	7.80709	7.09613	-10.12203	16.11106	17.21086	0.87687	1.14042	191.08261	162.83283	73.24437	0.30442	 	3.2200300000000003E25	 	7.02017E-26	 	8200.004	27.5454	 
185.0	1.0	0.0	7.80902	7.09437	-10.14424	16.09569	17.14426	0.87078	1.1484	191.42194	162.95329	73.38583	0.30422	 	6.83001E25	 	3.27396E-26	 	8062.684	27.464	 
180.0	1.0	0.0	7.81095	7.09262	-10.1664	16.08033	17.07765	0.86463	1.15656	191.75971	163.07218	73.52674	0.30401	 	1.4729600000000001E26	 	1.50155E-26	 	7925.77	27.3828	 
175.0	1.0	0.0	7.81287	7.09088	-10.18852	16.06497	17.01102	0.85844	1.1649	192.09594	163.18951	73.6671	0.30381	 	3.23151E26	 	6.76868E-27	 	7789.261	27.3018	 
170.0	1.0	0.0	7.8148	7.08913	-10.21061	16.04962	16.94437	0.8522	1.17343	192.43063	163.30529	73.80691	0.30361	 	7.216440000000001E26	 	2.99719E-27	 	7653.158	27.2206	 
165.0	1.0	0.0	7.81671	7.08739	-10.23265	16.03429	16.87771	0.84592	1.18215	192.76379	163.41954	73.94618	0.30341	 	1.64136E27	 	1.30288E-27	 	7517.46	27.1396	 
160.0	1.0	0.0	7.81863	7.08566	-10.25465	16.01896	16.81103	0.83958	1.19107	193.09544	163.53227	74.08491	0.3032	 	3.80474E27	 	5.55649E-28	 	7382.167	27.0586	 
155.0	1.0	0.0	7.82054	7.08392	-10.27661	16.00364	16.74433	0.83319	1.2002	193.42557	163.6435	74.2231	0.303	 	8.99443E27	 	2.32332E-28	 	7247.279	26.9776	 
150.0	1.0	0.0	7.82245	7.08219	-10.29852	15.98833	16.67761	0.82676	1.20954	193.75421	163.75323	74.36077	0.3028	 	2.16997E28	 	9.5176E-29	 	7112.796	26.8966	 
145.0	1.0	0.0	7.82436	7.08047	-10.3204	15.97303	16.61088	0.82027	1.21911	194.08136	163.86149	74.4979	0.3026	 	5.346640000000001E28	 	3.81714E-29	 	6978.72	26.8152	 
140.0	1.0	0.0	7.82627	7.07874	-10.34223	15.95774	16.54413	0.81373	1.22891	194.40705	163.96828	74.63452	0.30239	 	1.3464400000000001E29	 	1.49764E-29	 	6845.051	26.7338	 
135.0	1.0	0.0	7.82817	7.07702	-10.36403	15.94245	16.47736	0.80714	1.23894	194.73129	164.07364	74.77062	0.30219	 	3.46834E29	 	5.74361E-30	 	6711.79	26.6522	 
130.0	1.0	0.0	7.83007	7.0753	-10.38578	15.92718	16.41058	0.8005	1.24922	195.05409	164.17758	74.90622	0.30199	 	9.146380000000001E29	 	2.15131E-30	 	6578.938	26.5704	 
125.0	1.0	0.0	7.83197	7.07359	-10.40749	15.91191	16.34378	0.7938	1.25976	195.37548	164.28012	75.04131	0.30179	 	2.47147E30	 	7.86283E-31	 	6446.496	26.4884	 
120.0	1.0	0.0	7.83386	7.07188	-10.42916	15.89666	16.27695	0.78705	1.27057	195.69548	164.38127	75.17591	0.30158	 	6.84922E30	 	2.80159E-31	 	6314.467	26.4058	 
115.0	1.0	0.0	7.83576	7.07017	-10.45079	15.88141	16.21011	0.78025	1.28165	196.01411	164.48108	75.31002	0.30138	 	1.94864E31	 	9.72196E-32	 	6182.853	26.3228	 
110.0	1.0	0.0	7.83764	7.06847	-10.47238	15.86617	16.14325	0.77338	1.29302	196.3314	164.57955	75.44366	0.30118	 	5.69738E31	 	3.28231E-32	 	6051.656	26.2394	 
105.0	1.0	0.0	7.83953	7.06676	-10.49392	15.85095	16.07637	0.76647	1.30469	196.64736	164.67673	75.57684	0.30098	 	1.71372E32	 	1.07699E-32	 	5920.878	26.1556	 
100.0	1.0	0.0	7.84142	7.06507	-10.51543	15.83573	16.00948	0.75949	1.31667	196.96204	164.77262	75.70956	0.30077	 	5.30912E32	 	3.43042E-33	 	5790.522	26.0712	 
95.0	1.0	0.0	7.8433	7.06337	-10.53689	15.82051	15.94256	0.75246	1.32897	197.27546	164.86728	75.84184	0.30057	 	1.6960700000000002E33	 	1.05942E-33	 	5660.593	25.9858	 
90.0	1.0	0.0	7.84518	7.06168	-10.55832	15.80531	15.87562	0.74537	1.34161	197.58766	164.96072	75.97369	0.30037	 	5.594430000000001E33	 	3.16823E-34	 	5531.092	25.9002	 
85.0	1.0	0.0	7.84705	7.05999	-10.5797	15.79012	15.80866	0.73822	1.3546	197.89867	165.05298	76.10512	0.30017	 	1.90783E34	 	9.16245E-35	 	5402.026	25.8132	 
80.0	1.0	0.0	7.84893	7.05831	-10.60104	15.77494	15.74168	0.73101	1.36796	198.20854	165.14411	76.23616	0.29996	 	6.73613E34	 	2.55879E-35	 	5273.397	25.7258	 
75.0	1.0	0.0	7.8508	7.05663	-10.62235	15.75976	15.67468	0.72374	1.3817	198.5173	165.23413	76.36681	0.29976	 	2.4661399999999997E35	 	6.89025E-36	 	5145.211	25.6372	 
70.0	1.0	0.0	7.85266	7.05495	-10.64361	15.7446	15.60766	0.71641	1.39584	198.82501	165.32309	76.4971	0.29956	 	9.3767E35	 	1.78616E-36	 	5017.473	25.5476	 
65.0	1.0	0.0	7.85453	7.05327	-10.66483	15.72944	15.54062	0.70902	1.4104	199.13171	165.41104	76.62704	0.29936	 	3.70881E36	 	4.45001E-37	 	4890.189	25.4568	 
60.0	1.0	0.0	7.85639	7.0516	-10.68601	15.71429	15.47355	0.70156	1.42539	199.43745	165.49802	76.75665	0.29915	 	1.52878E37	 	1.06361E-37	 	4763.366	25.3646	 
55.0	1.0	0.0	7.85825	7.04993	-10.70715	15.69916	15.40647	0.69404	1.44083	199.7423	165.58409	76.88596	0.29895	 	6.57962E37	 	2.43421E-38	 	4637.01	25.2712	 
50.0	1.0	0.0	7.86011	7.04826	-10.72825	15.68403	15.33936	0.68646	1.45675	200.04632	165.66929	77.01498	0.29875	 	2.9625899999999998E38	 	5.32377E-39	 	4511.129	25.1762	 
45.0	1.0	0.0	7.86196	7.0466	-10.7493	15.66891	15.27223	0.67881	1.47317	200.34957	165.75369	77.14376	0.29855	 	1.39856E39	 	1.11029E-39	 	4385.732	25.0794	 
40.0	1.0	0.0	7.86382	7.04494	-10.77032	15.6538	15.20507	0.67109	1.49011	200.65214	165.83735	77.2723	0.29834	 	6.93769E39	 	2.20305E-40	 	4260.826	24.9812	 
35.0	1.0	0.0	7.86566	7.04329	-10.7913	15.6387	15.1379	0.66331	1.5076	200.95408	165.92033	77.40066	0.29814	 	3.6251E40	 	4.14886E-41	 	4136.423	24.8806	 
30.0	1.0	0.0	7.86751	7.04163	-10.81224	15.62361	15.0707	0.65545	1.52566	201.2555	166.00272	77.52884	0.29794	 	2.00038E41	 	7.39658E-42	 	4012.531	24.7784	 
25.0	1.0	0.0	7.86935	7.03998	-10.83313	 	15.00347	0.64753	1.54433	201.55648	166.08457	77.6569	0.29774	 	1.16892E42	 	1.2449E-42	 	3889.164	 	 
